50484509, 97950169
93768439, 19435440
39171801, 42388835
86385812, 48213276
19418470, 98934031
52436976, 76559377
69281853, 18606775
10816457, 79017407
55596283, 76467295
77617500, 82541777
37739102, 73822621
41397899, 76420821
20421608, 32768306
47168869, 28407281
17039939, 37165042
69213960, 60925581
98380162, 87187330
68849270, 59463836
43205615, 10767488
88141933, 94308825
96781201, 57592391
84385351, 14693329
33238667, 39370172
40998436, 27770214
25724908, 95636434
69256662, 85366816
37609468, 12896618
14301381, 56124222
95292208, 39375986
74478014, 27949582
32401363, 66818296
36863331, 22334458
22541903, 71571415
39325964, 36996989
79927755, 84942397
50640705, 39326144
84661377, 25741798
47524735, 82079713
27445174, 61991695
53109993, 25576927
80071218, 10748812
37531732, 27014419
45002128, 31339872
30480334, 38646203
12727398, 28953926
64151970, 10041576
32686153, 27351192
18739261, 76302126
44080238, 53730852
43692780, 92076944
97449279, 90818411
65770719, 73458829
23249236, 90692040
68885541, 49277631
19206278, 47165320
28248547, 90311783
33003564, 68979838
27991242, 83449389
57408149, 27431723
14051229, 10616871
33701027, 74602751
19928605, 97623658
93287288, 60216514
23349019, 44456117
43966295, 60118253
40229445, 58891450
99920856, 72777202
98171313, 70964242
59949629, 81326458
61267125, 36990001
85672813, 71884951
81147746, 49641177
24329012, 72994937
74040442, 55328331
84962330, 10037133
74080696, 89588357
29321442, 85634495
90115700, 48584092
84393632, 22730319
62014656, 57300412
62090058, 66056683
20104714, 78237953
44671120, 17979731
11493653, 28773521
77587594, 90803897
55650562, 93132473
82814538, 84773336
38808170, 77978443
33513642, 74714085
23452627, 16160728
18824763, 48623108
84868703, 23819770
20711514, 16000551
98927780, 15693116
41214617, 86065435
65679166, 59882679
34572097, 91843968
66376314, 95763329
55871203, 16949905
51794491, 96826110
