1100100110101100110010101101001100111011001000000111001010100110101000101101110100001011010000100101001101101101, 0010010001000010000100001000000111111001001111011000010001000011100010111001010011100011111001111100010010010110
0000101110001110001010100010100010000111101011111000110111000111010111110110100111111101010000100011111111111001, 1011001011001101011010110000110000110011110010010010011010111011010101010011110011111101101001110010010000011001
0010000001010010010001110010110001101111110010000000101100111100000110000001011001010100001010111111011000010001, 1111110111111000101111110001111011111100011111111010101111111111110101010101001110111110111110110001110010010011
1001011000011111000000000100110111010000000110010011110011110001101101111111011001011011000101000011110101110001, 0000000001100001001011100110101111000010111100101101000001100011101100110100111111110010101000000110110011100011
1111000001000110110100010011101011110010010111111010010011100101011010001001001100110001101100111100100000010001, 0010000100010000000110001100001111111101001000110101000011101101011101010110101001100111011001010010100101000010
0000001100101011101011100010101010101010011101101000010100111010010101100100110001100100011010100011000111101111, 1001111010001101110001101011101110101100101101111010010010110111010011101001101000101001001100101000100100011101
0110100111111010111110111111101010001100010011001100000101100100100011011101011101001000011000110011001100110010, 1101010111001111100100101110000011101000111000010010101011111011011100000101010100001011100111001011010110010001
1011101100111010110010101100010110110000010001000010100010000011011000010000110000110010100011101111111111101111, 0000010111010100110011110011000011100010001110111111111100111100110001010000101110101111000100000101001110100001
1000110100100000001111001011100010111001101110101010011001010111011000010010011101010110110101100010101111110000, 0010110100010101110010001110001001010111110011110110000001100100001101001100011111111100110001100000000010001111
0010010100011011100100110110011001010001100010001011100000101000101101011100000110101011111000010110101001001110, 0001010111000011000010100111110101011011101111000101011100111110100011010100010011010011111111110000001101001101
1101101101010010110110110110010111110101101110001101110111101111111010110001000000110111110101110111100000001000, 0001000000111100111101010100110011001101000010000110111100011101101011001100111010110000011100001000000111100000
0111010110011111100000011101110110100100000111010110000011011011010011000000011010010011011101000100111011111100, 1100110110001110110010010100101011011100100110110010101101101100011100000111010000001101110110010000000011001101
0011000111100001010011010001111111011100011110101111010010101000110010001100010011001001001100001100000101100000, 1010100010100110110101111011010010010000111011100000101100101110011001000101001010100101100001011001010110010011
1100010110110000101001101110000100000111100110110111110011101101010110111111001011000111011110111011101101101111, 1011011000111011101010111001101100011011010010011111001101000001110110001111010011010111001101110100001101010100
1100001011110110000100110001000011011100000010101000011000001010011111100010101011100011000001101011011110101011, 0010100110011000100100011110111010001111011011001110000001100011100110011101101110111010011000010000110111001011
0100011001001000101010111011110100011011011100010100101110000010110000010001110110011011000110100111011000110111, 0110011100011111001000000110000110011001110111101100010100000010010101111001011111001101110000000011100011011010
0100101011011101100001111011000100111110010101101101101000101001111010011110001101010111110000011010110011101101, 1010010100001110011100100111000011000010101001001010111100111000010111111001001100101011001001111010110010010110
1111011000101101101101101111000100011101110101000001000111000101110111100011111100000000101011011000001111010010, 0011111001001000110111011000000110011101001010100010101111011010001111101000000101000100100100001100110000000000
0100011100000010000000101010011000101101101110101010100110110100110110010011110011111010010100000011100110111101, 0110001001010001000110000010010110111000111010010001010001010011010101011001001101110000110101110010100010001011
1101010100111001010001011001001011101111011001101100001010011110111101111111000011001010110111010010110010111010, 0101010100000001011101101010111010101000111111001001010110101000110111111000101011100110111101100100100101101010
0000101010111000000000000110010111000010010111100000011111111101001011000110101001000001011100001110010110011100, 0111000011010010101100011001100001100100111011110010010100111110010110101111001001111101000010110110101111101011
1010010101111001001001111000101100100100111110000000111110111100110000100001111011001111101000111110010001110111, 0100101010000011110111011100011100000100011000011000000011100101001000101110000100110001000111011010001010001010
1110010101110100110110011101100011011001101110000111010111011011001101111101110110010110100101101000000100010111, 1000110000011000010011110111110000110011110000010101111110100100111111110011100010010111100110100101110000010111
1010110100011111010011111110100100100011000111010000001100111001011111011011011010110110100011000011010111110111, 0111110110010110110110111101111111100110110111100010011010101001100110000001100111110111100011010100101000011001
0001000001111010000110111100101000100010000000010011000100010100110101010111011000110100110011101101110101100110, 1001100111001000110010001001011001010101001011001011011101010000100010100100000100110010000100011000011100000010
1110011101110000001111001011010101111001000011001110001111010010101010001011000101101000100101111011001111001001, 1011100010010011001100101001011101000001001100000111000100011100000100010011011100100010100110100101011000110000
0000011000011000001010011011100001111011001111010100001011001110001000100000101001100010101010000101001101000010, 1111011000011010000001011001011110001110100011001011101011111100010010011110111000101111100100010000100110100000
1010000011111111111011010110011100110111111001101101011110101000110100001010011001100000000101100010100000011110, 0110010110101010101000100000110011110110010101011100111100000111011001111100110011100001100111010100100000011001
1001110100010111111100010010110000110001000010101011000001001111101000111111110011010110100111110000100011010010, 0010101010000111100001110000000100100101110101110101111010001101001100010100100011010001010001010100110100001110
0000000101011011110101100100110100010000001111110010101000101000000101111011110111110010010111111011101111000000, 1111110110010100001101000110010110011010101100000101110011111100011010011011000101101100111110000011110111000000
1110100100100011010000010011011111010010110000001101111000001110101001001000101001101101101110010001011110110111, 0010111000001001101010111100100000000001001011110110110000110001111100110110011001011000101001100000101001101000
0101101010010101011011111000011101111110011000111111010111000011010100011101001001111001011110010100001100110110, 0110111111101010100010110000001010000101110011111001110100010001011010100101011011111111000000010101000110101000
1100100011001101000000000111001111000001001100100011011001111011101000111010000011000110101111011110111010100111, 0000010101010111010101011100110101011101000000011101111010100111101011101101110001001100101110110111110111001110
0100001100001111110101100110000110001111000011001011101100010001001011011010001110100101100110110000110011010000, 1110010001010100111010111101110101001111000001011101010011110110010100000100010010110100010110010111010000111111
0110100110101100111011100001001010111010001000111010010111110001010001011110001000000111100110111000010111011001, 0100111110100001011100101001010001110011110111011000111100010111100011111011101000001101011011001011000000000111
0000101001111101111010110110100111110111011001011011000110011010011011010101011001010100001111111000011110001000, 1100101110100101011001110001000111000100101101011111001111110010100100001111101001001101001110111101111010001110
0010010100011000110111010110101000111010011101010010010011110010001011010100001111100101000000101000100011000100, 0011110101110001100010111101011001010100110000010110011001011110100110101101010001111110101111000010011110011011
1000111100001000010011011001010111000011111001111011010100101110101100100000011110100110000011010000100100111111, 0110111010111100101110000100110001010000001011101111010100110101100101000101010100010110011101100000001101010010
1001010000011001110000001101011111100000011111010101111101011011100000000111000010011001000100010110001001001100, 1101001000010100101011110101110001110010011111111000101110100011010111010001111110100100111000110011000101111000
1110111011001101001000000011101000001101101011001010001000011000001100111100011001110001000001000000011000011110, 0011010010111110100111101000001110011011010101010111101001000101000010111010001001010101101110111110000001001100
0111110100001011110110010011000110101111010110101101000011100011010111100101111010110100010011000011100001101001, 0010100110000011011101001011110001111011011010000001110000001000111000101100111111001100110110100101100111111010
0110101110110001000101101110111000110000110110110011110101011000110100100101100000010001000011001101000011010110, 1100111111000110100110000110100010101110110111001001111100000101011100010101101101000010101111111100001001000000
0101110101100000010111111011001010110000111110001101010000110111111111110011011111010001001100101010010110000100, 1010110100000110101111110100101100001110101011011001001100001100000110001110011100111010101111000111110000110010
1000101111011001100010110100100001110001110010010110111011011010110011100111111001100110101101100011111010100000, 0011100000101101001111001000111100100011110001110101101100000001110111100111000001011011011100011000000100010101
0110111010101010111101011001000100010100011100111000000001100101110011100011101011100001110110111111101000110001, 0001101010110011000001101000011110100011010011000001001011100011010110001100111010001011100001101000100100110100
0101111100100111001010110010011101010011101110101101010111101000111001110111101110000001011011011111001001111010, 1101111000111100111111111110011011110111110111110001011110110011100101100010000000100101100001111000110101101101
0101000001011000010000000110101110010111110001011101100100100010110001010101101100011010100010111100001000011110, 0101101010011110010110000110111100111110011011000100000011101010011100000100010100000111111100101111110000010000
1011001010011100010011111010000001010011000101010101010000000010100101100100101011111000100010001000010011100110, 0111010010001011010001110011101100000110011011000000111001111000101110010010011010011110000101100111011100011011
0000000001111001000101110101001101001000000001100110100010011010110000101100011010100011000011100101001011000001, 1110010000000001000001110110011010010011010011101001001011001111011111101011011011100011011001111101011100000011
1011110100001001111010001100001010110001101010000000100111011000100101101111100111011110110110010011000011011011, 1000101001010101110001111011001101101000111100010101011001010000110011010110000000011011101100000011000110000011
0011101100101110100111111111101010001111110111010101101001101101011001110001111100110100101101111111100110010010, 1001000101000001110100001101010000011110001001011000110110001101101000000010101111111000110101000101010110011010
0101110001011110000011001010101011011001000000000000010110011010101101001010111010011000010010000111011001100100, 1101100110010110010111101101011001111010111111010101001001001100110100110010100000001111010101110010110101000001
0000011101111010111111111101010011110001010001110000101111110111011000000110010001010101101010111111000011110001, 0100101010101111011101110011110000101110101100011101010001100101001110100000110110011001011010111110001011011111
1010100011111010110000111010000000110000110111001001111001001011111011111001111001000101000101000110010110111100, 1000010000110000100100010110100101111001100111110101010101010111101011111101011001011001010011110101001011000011
0010000001011000011000110110010110000100010111000111101001100000111111001001001001000110110110000111110101010000, 0101101101101100111010011000011001101000001000100011000110111100101101010110100111010010111001011100010101001000
1111101100111100110110011110001010010100001111000101100011000011011010100100011010011111101001110011010000100101, 0001000111000001101011111000100001101110110101001001110101011100110010001010011110001010110001001100010001011100
1010110010000001011111111110000010000101101000110010011010111111011010111111001101000011110011001100111101000010, 1001110001111111101001011100111110101111110111100010111111100011000011100000000010100100001001000010100011101101
1010010100000111000101011100111100001110000011011111011100100001011110110100000011000001111101101100111011111010, 1000100001100011100100101101111010011111110101000110111110011011101000001110001000000101101011010011011011011000
0011101101111001000000101000111001010011110000000101010000011010111100010100101111100000011011111011100101001101, 0101111001101111100000100110001001000010010001111101000001011111010111010100001110001101111010100111001001011101
0101100011110010100110100011101010010001110111010100001110001111111110101111010011000100110000100000111111101100, 0110101010100001111000010011010101100010000110111010101001111000000001110010000001000000111011101110110001011001
0001110010001101010000111100000010010110000011110110010110001010101011000111011010000001100001110100011011001010, 0110001010001000110110001110010101110101010000011110001100011011101110100000101110110101110101110000101110001010
1101001111010000011111111110000010100110110100110101000001111110110010001001010011001111011110011001110101101111, 0001100000011110001111100100001101011000101110011100010111000101110101100000000011110011000011101100100001110001
1100001111011110001101010000100110010000111100010011100101010000001111001101011100001100000011000001110011111110, 1111110010001000001011111000001011100110000101110010101000011111110100011000101010101011000001011010001110001011
1110000110110111010001100010010100000000100010100100000000000000010101100100111010011110100101011010001110101010, 1001001000001000101111101111100110100110100100101111110001110110011110011001101110111100010101101001011110000110
1110101101011001111001001000010111101101001101011001010011111101111010110001010111010101111010110001011001000011, 1101110101001010001000001000010111001100001011100010001011101010010000100101011101001111000011001101111101011001
1111101001000010001011101111101101101110000101111100101100000000110000100110000001000010001100011000111101001110, 1000111100110101111001100011001101111110100011100011111011000010001000100010101001010000000010100110101111111010
0010111111011101001110101100101101111010110100011011110110111111111001001011100110101111010111101100110010110101, 1010011010001001010110010101001111111110100101000100010001001010111000000111101011010001000100010001011011110100
1111110100110010100100101111101100100110010001111111101101101101110010110011100101001111101101000101101100100100, 1100000000111100101101100000111111101101100000111101000001010111100110010110011110001101110111100011110010110000
0111100011100111101001011110011111010111100101111110001001111111100111110010110101101111111000100100100110100100, 0001010111100111010010110111000110101011011000110110011000001000110111101000111011000100100010111100011111001101
0111111100001100001110011110100010000011110100100001101001000010000110000111111110111010110111000111101101010010, 0000000000011110010011100010111010010111010101111110101011101001111010100000010110000000011000100000001110011011
1110000010010000101011011110011000001110110101001101110001001000101011001110101001111110101011110101101111110010, 1000010100111010010010101101100100010001110010010110000111010101110000110110101011001101010000111000011111001000
1111111101001000000110100010101011110001000110101010011010010011111000010110100010100011100001111000011011011111, 1100010101101000111110000101100011000101011101000001000111100100100111110110110011011011111000100100000010100001
0100001010100111010000000011101110000010010101100111011001111000111010110010000110111010110011100000100001011001, 0100100110100010111110010001111001101110001100001110010100000001000001000011011111110001010011110010010111010101
0011010100001101111111110011010000110011101101111001001101111111001101000110111001011110100111101100110101111111, 0110001000010101000011011111010010011110101101001010000100010110100101000010100001100111111110001010001110000111
1100010110011000001011100110110011111011111000000000111010010111110110000010010110110000011100110100100000111011, 0110111010101110100111011110011000100010111011100011110110110010010000000100000001001001101110110010110101001111
1011001101111111100010001110111000001101111110010110000011100010000010010100111010001100001001010011101011000101, 0000110101100010100010000010101110101110101010010011000011011011110010000100011110111011101111000101101101101111
1110100110010000111000011001000110011111001100111101110011111110001000011001010000010111111100100111011111100010, 1011010110001010001011100000101001000001101100010100111100100011100010111010010101111011101111001000011100001100
1010010111111111101110010010111111101011110101001110000100011110110010001100110101010101010100110010101101001101, 0001011100110011111100010001101100100010100111010011000001101101000110101010010100100010000000111101011101100011
1111111000111000001010011111010011110001100011101011101111110010010000110110001011010111001110110111101001001001, 1111111101000010000001001100001011111111001001011010101110011101000110010000101010101111010000000111101101011111
1111011010001010011110100110110101011000000100110110010011111011000111001111110010000110111110000001100011111010, 0110001000111001100001001110001000001100000000110110100011111001010000010101100010010001001010010001101101001011
1011000101000111101010001000100001101100000100010110010100001010011010111100101101110110011010110001011001000100, 1000110011010110101110001010011100000000010110010011101001001000000100001011010111011011000111000001011111000001
0101100110010011010100100111001000110100110101001000100111111101001011001100110100110110110100000011101100001100, 0110001010100100001011110111101011010001001000001111110000101111100000111000101100001100100011110111110101000100
0100001110010001101101011010110111000101011111110101011111000111110110100011010100110001010001010111111010000111, 1110011101111111010101001001100011100011000011000011100001111101110111101001101000110111000100100010101100100110
1101101100010101011100110110111110111101100001011011101110011001100101000001001000001011111110011100000011111001, 1110101110100010000010001000110011011110110100010101100000001001000111101000101011100111011001011011101110110100
1010001101101111110000010011111110110011101111001101101010100001000001100100011101101100001010100001111011110100, 0000100111010010110110000100110100011011001111111100001000100001001011011111011000100101001110001100111010100111
1000001101110101100110110100001010100111101111010011001100111111100000110001000111111111101001100001001111001110, 1100011011000010111111101010010010111010000000100001100000001010001110000100011110001100101111000010100111000101
1100101101101100000110101110011000110001010101100010110000000000000110110110000010010110110000011100001100100100, 1100110001111111000111011111000010100001010010000010110010010101111000100011010010011101110010000011010110011001
0100000011000001000000111101001111110011000000110010111001010101001001111010001000001010100111101010001110011111, 1001011100100111011111111111001001111000011111001000001111011001100001101011110111000011010011010100001100001000
0000011100111111010000011010110011100000011110010010001110100111110010110100111100110101111110100010001101111100, 1100100011111000111111000000110100010100100101000011111100000010110001011101001011000000101000111110101110110001
0101010001101110001101110101000000000000101000111111111011110100011100110011100100101101011111011111101011000011, 0110101010101111010001001111000101111100101001100000110111010111110111010111101000011010101100111110111010110000
1000100010010000100111001101000111010110011110101110101101100011111001110010111100100110010011110011100011011100, 1100101100110110011001110001110010100111110010111000110100110100010110011111011011110100011110110011100010010001
0111100110111010100101010100010000000101110111011101110100111111101100000010000001110000110011101010000001010011, 1101110010100000001011111000010101011000100011101010100000001001111010100001011000001101000001100110101101010100
0011111010001111110100110100000011000011111001101111100100111010111010101000010101011101110110010001011000100100, 0100101000111101101110101100110001011010010001100110101000011010001010111001000011111010100100111010010111100110
1011100000111100000001101011000000110111001100111011000110110001110000000110010111101100101101100100010101111110, 1011110101000010101011000110101101010011001010111001000010010010111110001110111000101011011111001101110011010100
0100011010100111011100100011101001101101110111011101011110010101100100011011101000101101111101001011000100010011, 1110101101001011001000110001010100100101010111010100010111000101000001100000111010000111101110010011000000011111
1010001001010000000111100001001011101100101101000110100110110100101001111101000010000111110110110010110000111001, 1100001111101110100001101100101111000111011010100100011011001110000000111010011010111010010111011111110010001110
1001110101111100000101000000000010111100000110110101110110000010101001010010100100001111001111100111011000011100, 1000101001101001010000110111001100000110000110110011100111100111000101111110011100000100001100001101101001110100
1110001011000101100001010111010011010001010000111000100011011101001100010100000010000000001101010010010000100011, 0001011011011010101110111011010010101000111111011001101111011101010100010111110101010111100111000100111001111000
0000101110011010110000000101100110011001000100111100011101111101011001011110000001000001001110000001001101111011, 1100111101001111011100000101011001110111101100100100100110001111110001101000001110101110011010101101010011111100
0101001010011101101100101100010011001010111111100000111101000101000001111110101011001101000101111101010011100010, 1011001111100010101010110110110000001001010011000111001111010010111000111010010111101000110111010100011110010111
