01101110001000101000100010010011101111100011101001010001000011100001100001101000001011100101011011100111111000110011111101111000, 00011110100110011101001001000011010001111000000011111001001001011100010101010111011000111100101101100101001000110101101010010110
10111011101010111110011000000110001000010010000111100011000100000110001000011100000111000000101001101110000101000001000100000111, 00110010001100101110101110011111000100010000001100001101010000011101000001110011111110000011001001110000011001111000100010110001
10011000001010001110011001101110010000111100111101000110000001000011110001100010010010010010000110001011111100101001111011001000, 00001110011000111001000101001111101110010010010110000100001110011100100000110000010001001111101000000101101011010001100100101000
10011010100001110011010110100110100111101111111111110011101010101010000000100011011010111000011011010010111000100000001011110110, 00100010110000100010000011000100111100000001101101000001011101000100110110000101000010100110000001001000111111011000110010111000
00001100001100111110000100110000001001011010010010101100000100110101010000100100000000001000101010100111100011110010110111000111, 01111101111111000110111100011000000111111010111111100111000101010110001001001111111101010011100111100000100011000110100101100000
11110101110010001010011011010100011110101100010111011000001111011001110101011110111001101111101110010111110011101001111000111000, 00101001110110110011011001101111101110000000001100100010000010010110001001101110100001111110111101101110100000111011010100100101
10100100010010010111101010110011001011011000111111000000110001100010011110010111011000011101111011000001100000011011100011101001, 11101011100100101101110000000000001110101111110101100010111100100001011010110110100011001101110011000000110111001101011000011100
10110111111110010011101001000101010011100100001001100010101111001000001111011101001001010011010001011011110111100100011001000001, 11000101010011000100100100110111110100000101000001010001100001110111101011001000000011101110011110101101011110011110010100010010
01010100101000100010000010010110110101010100010110011101010111101010010011101000111001000000011110011101110100011000000010011111, 01001101101110101100010011011100101100101111011101111010001011111101100101001011001100001100111110111011111111110110010110001010
11100101110101010111010110110000111111010000010110010110111111111001110000010011000011100111110010100001110101000111110111001010, 10100100011111000010110110110101110110010110100101100010011100101100000010011101111101110110000110001110101111000001101001011101
01010110101110101110100000001000100010010010011100010101110100101011001000101101100010100010101111111101111101010101100101100010, 01100101101101010001010110011101101111001010010110110000101001011101000100011101011001001110101011010010001010110100101010110100
10001001010000001111000111001010110111111010100111010001011101011000110000101000111110000010001111110101001100111100000011110011, 01011101110010101010111110001001101001110011111111000011111001100011011111100101011010101101111010110101011011101101100101010011
00100010001011101101010010010010000000100101011110110110011000101000110101001100111101101011001011101110000010010111010110001100, 01011110111001100001100011010011010000010011101011100010000111010111001111111100001000011111100111011000110101011110110100100101
11110010101110011000011001101001101000010101000001010000000010010101111110100110100100011101101001101000011100000110101111111010, 01111010001100111111100011101101101101010001000011010010000010001101011111101100001001100110111001010111001001011100110110010100
01011111000011110011010100000100000111011110011100110111000100001001101001010101000110010010000010011111101011100011011001010001, 01101110011001000110000101100101010010011011001111101101100100111110101000001111111011100011111101100000110101110011100100110100
10110111110100110100101100100010111011001111110011101110001010011100001011100101100010110000010100100001001101100010101010110011, 00011010110111011101011101101000010100010001101000110100100110101010110001101101000111111111101111000001011101100101100110101111
11111000000000011000110000100010000000010110001100010100011011000010101110111110010000000000001010001010101001010010011010110001, 01110101011111101111111000101001101100100011110111100101100001110001111110110111011001100110001011111011000101101100101000010001
00111001010110000100110111011011111101001101000100001010010111010010001001111111100111000001000000111101100100110100110110011111, 00000010010001100110101111111001110110101011000011001010011011111101010100000001001011100100010011110100100000101001011111111101
10101000000101101100101001100101001100001100011101001100000111100011001110010001001111010011110000100010011111010111101000100011, 10111011111000000100010001111101110110011110110101100101011100110000111101011001001001010011001011000010011101101100111011001100
10011111010000000110101100000111000101010000001101110110110110100010000101111100001000011010101010110011111010110111100101000110, 01100100100100001001110010011100000111000010100010110010001110011110110010110100101110110000101101101100010011101100011011111000
00001110101100100011111011110000100000101010000111010101010000100010101011110001010011110101100111101101011110111100011110011110, 00011011110011100011101000111110011101011101111010101100111000100111101100111000000001001000011110000100001010000011011110011010
00010100100110010011010110011000110011001011001001001101000011010101110000101100001011101011001110100100111101110000001011001111, 00010101011110000000001110110110111100101011111100010000100110001100100001000100101010111111110000011101001111110010001100011110
00100100001011110110011010000110111101010001111110011011011010110011100111110100100001110000011110100100010101011111111101000111, 10000100001001111111000110101000100110110111000101111011010001101110001111111000100000011001101111010001001100110010001110101000
00010001101100011100101010100101010111000101011000110010010100010000100001000000111111111111000101101011000110010100010011111001, 01001110000010101101101110001100101010110010110011010110101110001110001100011010101111100110010101100011011000111100100011001010
11000010110100111001011111011000001101000001011111100000000111101011000110101100100010011101010101101000001011001100000000011110, 11101001011011111000110101000001010101001000111010010100000111101001010001110111111000001011010000111110001100101011000000111010
10110001010011001111000011111011100001000101110010001000001100000110100110010110001100011001110011111110000011100011011100111000, 10100000010101101001101101000010010100001011101111100010100110001110101010000110111111001010011110111101011010001001100000111000
00111101110100100101101001100101110001010100101000110011101010101111010101101100101111000110101100100100000110100010101011111100, 00111000000111110000101110010111100001110001000110101111100110001111100010110000000011101110101110110000000011100010000100110111
10011111000010010111011101011011101000110011011100111010101101000001110000111110100110000010110110110010101101010110011010000011, 00111000010100111000010000101011101111010000110110001011010101010010000110011010001001111110011110000101111111011010000101110111
00100100111100100111001110101011111010001001100110101010010100100100001111110100100110101111001001100011110001010011111001100010, 00011011110001011010010111011101111100010111000110100111001000111000110001011110010011001001111100110000100001101011010111001001
10011101100101110100101011100100000000000010011010111111000110000010100110110000010100100111010100001000100101011010111100010110, 01110011011011100011111001111110001100000000010001100101000000111110111111010000101101100000100011000011111110011100111000100111
10101111010010011010000110101101100001011100110100101101101100101100000000110000101001111001110100110101101010111010000100000001, 11100001000110110000011000111001101111111110111000001100100110010101100000010100000001001100110100100000010111111000110010100100
11101111111000011000101111111110110100011011101111111001110101111001100011111000100000010101010001000001101011101000001110011011, 00000100011001010100010100100100100110011011101101111000011001011110111101111000000100000110100100000100010010101001111100011101
11000011011111100100010100001010110011011001011000101000010001000100001110101010101000101001101001000111010110101010110000011011, 11101011011110010100011000110010001100001110010011100111110001100111010000110000011101001101111000011010000001101101101101001000
10111010001000100010101000111100111100011101001011000000011001001001110101100000010100101100110110001101111110010110110101101111, 01111011011100111001001111000001001010001100110110111000100011011001101101010100100011110100001010011011011010010011100111000111
10010010001101010000000010111111000011110011101001011000101000101110000100010010100110001110100110100001101011000001001100110001, 01111110111101001000011100010101110101101100001111010011111011110100000101110110110001001010011111011001110110101010000010110001
11100100011001001011111010110110111000011010010100100001101000010100101111010101101001101000011111010110100110011110101011011010, 01011110001101001001100110100011101110000110101110100101100000111100111101000000101100101100010011100011001011000111010011000011
11111001111011011101100011000011100011101001000111011010001000110001000001000000111001011011101100111101111110111000100100000100, 11100111101101101000110110111111110010101111111100101100110100111011100100011110011101111010111011101100010110000001011110000001
11000111010110010000001011011000011010011000100100111110101000101010001110000001100001000101001000100100011010111101111101001100, 10000000100001111010001001000110110101111110100110111111100000101110111101010111111111111000100110011101110011111010000000011101
10011001011011000001101110110010001001010011000011011011101100101100101101011011111011010000100000011000111101011101111011110001, 11111110100100011001101010000010000111101010111110000011001010100011001111011110000100111001100101011000001000010110000010001110
11111111111011110100000111010100100111110010001000001000100100111000000110111000010111101111111011101100111110000000010100010110, 00110100110100000111111011001011101000110100111000011110001010000010000100000000001011010000101100001111111011100101011100101010
10101100011111100010010001111101000101110111100000100110101010011011011001101010100100001110001111011111101100101001110000000011, 10101001011110011100011111000000001000001101100100001111001011101100101011010110011110100011000000101101111010000101001001011101
10111010100111010000011111001000101000010101011000011101000111110111101111100111110100011010001000001110101001010000110000001000, 11000010010011000001010100010010010101010110001001110000001101111100111000000111110001100100101011110000011111001011100011101111
10111101011001100111110000101110011101101101000100101000111011001001011001100111001101011101111101011000111000001110101000111000, 01111110100101011000000111000101010000010001101100011010011100111110011101011011000111110011000101010111100100110001011001100111
01101001100101010111101101100111110101111100001000000110001000100101110111100001110001110101101010111101000100000111111011100001, 11001001101111101010010111100101110111000100101011000101000001100110101100111101001011001101100010001101111001010011111111000001
01000100100011100111110100101010010011000010111000100111100011101000101010110111100000001000000011011010011101011001001000010110, 11101011011010010010111101100011111001100101010001110010100000010100001011010111000101011010100001010100101111001010101000111111
11010011100111110010100000111111110110010111011011111111000110010100111001111011100100101110001100010101010010011110011010101100, 10110100011100010110111010100110100100011101111010111001001110011111110001100110111010000111000000111110101110100001000100011000
11000011111010011010000011110001101110000010001001000010100011011110001100011111110101111011101000001011111000101010011010100101, 11011010101101100110111000000111111110101100100011100111011010110111111100111000110011101111111011110111101011000010111010110101
10100101101001011111100010011101110011000100110001000111110101101101111110011100100111110111001000001010100100110011001011110111, 00110001000000101001001010001110110011100010000110011000011101011001000000011110111101011011101011111111110010100010011011010001
11000110010011100011001100011111100001110101101100001101111010110101101011100101001011010101010100010000000100010110000010010111, 01100010100110110000000111100000101000100110011111100000001000111101110010010000001111101011000100000101111010110001100110011001
01001100100000100011011110111110110101101011001011001101110001110010110011010000011100000010000010100000111100101110011100010011, 10000000101010000010111110001110011011111110110111010110010101111001001111101100011111111110101100011110011101101100001110100110
00000110100111101110111111111111111000000110111101010101101010010001110100001110111101100101100011010100101110100000111100010101, 11110101111110100111001111110110010010001000110110101100101111100010101011000010011011000010111000101000001000110110000000001001
01110110010001001111011110011011110110011100111001101101000111010101011100111010100001111010000001010001011101001111110001101001, 11110001100110110111011110100111010000000001110110110001111100011111010110100110000001101000100110011101011100001011110111001011
00100011011010110010010100011111100001100011000101110100000110100111110001111110101001111001000110000010110110110010101111010101, 10000011000100110110001010010100010110010001011111001101111010110110011110010110011001101011110011100111011100010010011110111101
00110100011011111000101000101001010000010010101001001001010001011000100010011100000100010011001000100000010111000100110111001100, 11000001110110110110111011010010010110000100010010110000010111110010111100010100101110010011101000111111010111111111101001010110
00011001000100011110010011000110110101101000010010101011100100101011110010011001101010101011001000111000100001100001111011111011, 00111100101011100110110000011010011110000111000010110111000000011100010110001001001110100100001101011010010001100110001011010111
10110100111110010000010101101000101110010100001011101111111101000011101101010011001001111000011110111010011010001001001111010001, 00110011000001001011111110000011110110111001101100011100111010100111111111001011010000110110111100000000011111010011100111100010
10011101100010111111110100111111111000111111000000110100110010101001111110101001101000101100010111111000000110111001011110000001, 00000010111100011111010011110110110110011000011100101011000011111101110111000000001010000000011101100000000100110101001010111101
10101101000100110111100110110111001001000111100110000001101100011001111001100111001111111010001011010100110100111010100011011101, 11101110101011001110000001010100111001011010010111000111101000001000010000010110001100010000000011110110100101111001000110001111
01110011011011001110000110110011100101010101010011111100000101100000100010011011101100011011010001010000111001011010000011000001, 01110100000010111010111011101101110000100100001000000100010010010010001110000111010110100101000111110000110110000101100000111101
10010001001000100011000101001011111010000110010110101101100011000111110111000000111010010111111100100000000000110110010001011000, 11001101100001010010000110000101101001100101011101100010010010011110000001011110011100000001100011111010011111010110011110110101
00110000101101000100111101011000010010111110010110001100110101011110000111001101010000100011101101000110100001110111100110111101, 01011101100110110000101001101100111001010001001110100000001101000111110010101010011101111001111000110100000110101000001100111101
10100000011110101001111001111001010010000100010100111011010000100100001100100001101010110101000100111000111010111000011110010010, 11101100000111101000111000101100010111001111101011111111010110110011110111011010101000011001111110100011010101101111100100000100
00011110001000000000011101100110101000011001100111111100011101111011011110010110000000100110001011100111011001010001000111111001, 11101000110100101001001100100000011000110001111001111000110101000001111000010111100000110111111111010100110110101001001111101101
10001001101111011100000011100110000011010101100100111011010001000010000011011011110101111001111100100101001101100110111111011000, 00110010010000011001011011010010111011110001110000101011011011011010100010110111001110011111000011000010010000111010101010000000
10000010111010000110001000111100110101100001110101101101110000000110101101101110000001100011110011010101010000001010010001110100, 11000011101100110000000011100111101110001100101011001110101111010010001011010011011110100110000000111100001001000111111001101010
00001001001001101110110001111011011100101100110100001101011000111100011101010100010111101100101111001000111101000000010101000110, 10011000111100001011011011010011001101001100001000001001011111011110101011010000010011011011010011110001000101010111001100010010
00100110101001011010110110100000111110100010000010100000101010001010110001000011110111011110000110100111110100101011000010110010, 11110100100100101101011001101100010100101100010010110010111000100101100111000110110000011100110100111101101100110110010001110010
10000101100010010011101100001101101010011011000000011000001100010100011011000111001110110000001000100110000110001100010011100011, 10101100000100001001011010110010110111110000100110100010111111111111100110100011000101100011011111111010001001110101101110010111
11111000111110011000001110011111101100010011110010110101011110111111000011001000011101101010011100101011011001101001110010101001, 01000011001001010000111111011110110100100011000100001111010001110001001101001010101011001110101001000101000100010100100011101001
01010010101010010000101001000001011111000111111010001111110000001010011001001010000111111100110010110010001001110000101100110010, 00011100010010111000001010000010000101011011110000001100101101110111000001001010001011000110011011111111110101100001010110100100
10110100110101001001100101011101000000001011011111010010100001000110100000100000100111000011010111111111010000101011000010111110, 00110001000001100000010000101011010100100011101010010011001010000000000000011101110001110010110000001001101001110100111100100100
11101100110001100010000101010001101010000110100100000111010111001001111100100110001100110111001101100111101010011110100101001001, 01001110011101000100101110010010000010001110000100010111010001011111011011100110010010110111101001011111011010101001100100011101
01100101100011010110100101010000000111111111101110011110010111110010110100000100011000000111010100111000000101010000101010110100, 00111001101110100110011001011001000010011000000011110000111011110010011010011010110011111110111110010010000010000111000011010000
11001110010010110001110100100000011000110010111101010100111110110010101001110100101011010101100011110011100111011111111100101101, 11011110110100010100011100101011011111011010110000011101011110100100111110010111000111011100110110111110100010011000001010010101
11001101010100110111001111111100111111110000000010011011001100101111011110101000100110001110100110101011100000000100000110100100, 10110101111111111011010110110110000100010101000011111111111001100010100111100101001010010001011000100100100001001101101001011010
10111100101111011010001000111010101011010011100000010001111011101000101010010000010100111011101111000010000010110001010111001001, 11000111110101001001000101000101001001011000010101100001101011011101011010111010000001100110001111101110000100100100100001010100
00100000110111110100101010010111100111111111100100100110000111111110111110101001111100001001110000110011111011010101101010011001, 11001100101110011001000111011110011001110000011010010011110001101100000110001011011000000100110011001011001111010000111000011010
11010000001010011111100010111100011010011110101110101001110101000011111101100100100001011000010010001111011001101000010010010001, 10101101001101110100110000110110111010111110100100100000110000000101000011110110011011010001010001001110000010001011011000110111
01110111010100010010011011001001001011001101001011111100100101001011100101011010111111001011101001001101110100110100110101000010, 10001011010100110110110100010100111001111100001101100100000110100011110000100011110100101101000100101011010010000111011100000110
01101001110111110001000000010111011001001010110010001010110101011001010010110100111011110101010111001001111011010101011111100011, 10000111001001101110100001000100011011110010111000110011110000010011010011010101101100101001101110111001111100000101001110000101
11001000010111111000010110010101001001011011011000111011100111101100011010010000111100111010000011101110000100110000111100111000, 00100011010111101100100101011000000100100000100000100000101001010110010000010010010100001110001110100100100101000100001000011001
00000100011000011000101001000000100101110001111001011010100111010101000111000101000000001001010111101100111110010101000101101001, 01101101000100010110010111010111111101001000100110110011001010101111011001100110010100111110011010001000010001001111110111000100
11001011000111111010111100110101110111100111011110010101001001111110101011110010100100101100111111110010011011101100010001100101, 01110000011010110110010101111001101000001010011011001011010110001110000100001001101111101100011111001010111010111111110000110010
00101010001101011011010010001101000110111000011010010100110010101001000100011011010011110001110111111111101001110011110100011110, 11001110001010000001101100111010010001000001110101010110010101001010010111010001010011101001010000110010110010110011011101011011
00010000000101011111011001010111111010011000011110111101111110100001011101011000010101100000000101110001110011101101100000110011, 10011000000110010110100101100100010101000101010001010000011100111000011100011010011111111101111110111100010011001001001011000100
10001100010101000100100011011010100000101111111011000110101000011110100110100000100000111101100100001001110110010001101001101001, 10100101101010001101101100111100010010011010111001100101101010100000100010111010001010011100000111111001000101100001101100010100
01011101000010101010111000001001100001011001011101011000100011001110100011101011111001000111110101001110110100101101110100100110, 01101000110100001100110001101001100010111110101000001101100000100101110111001011010000011111100000011011000011001110011000010110
10010111001010110010100111101011000111101101001000000011011110010100010110010111100111001110001101110111100101110101001010100000, 11001110110010101111110001010111010001110110110000101110000011011111100101011110110111101001111101100010111101110101110010010001
11001001110100100011110110111110100011010001101100100110111100011001101000101000101100100101101100011010110001110110000010100111, 00011010110000111110111011011101110111100101100011001110100110110010011010100100001110010100001101001011011110101100100110000000
10010100011100110000001111111001001010000111111100011010010110000000011110010010011011100001101100001000100101000110111101000101, 10111000100101101000110000111010010011100101100111100101010011000000001001111000111101001001100111110011100100100101110100101110
11101011001110011011101101100110011010101010011111100101110011101110010010001011110000101011010101111010111110110101011110101110, 01010000100000111111001110001000110010101001100101101101011111011110100101110111011101101110110001110010001010110110110000001110
01010011100010111010101100011001001110100101101010111110011010000100110100101110101011110111111100001010101001110011110011000011, 01000111111101110011101011111001100110001001001111011010100101001101101101111101111101010010001010010010100101110110001011001111
01011000101110110111011111001010100011100010111100111001011010100011000101111111101111001000000100001111101110101100001010101001, 11000110110101011011100101100000000110000110101010010001101010111110111010000100000101001001000011100100011110110011011111101110
10100110001111101000001111000100100010101011011110010100010011010101001101010110000011100001100010010010001010010011001111001001, 10110110010000111110010011001011110001001000001010110111011101001011000101100010110011011010111101010010010100101101100111111010
00100001010010110000101100110111111011001001000001111010010110100001110001100001010100010000011010001100001010111011110101110101, 11101110100011101110110100000000110001010111000001101100001001111110111010011011110101000100101101001011011000010001010100101110
10110100010010010111010100010000111001011001100001100111111000011101110110110100011100101100101011110010101001111111010111011011, 10110011001111001101110110001111111001110011100001001110000101010011100100100101100001111111110001110101110110110010111000001110
01110000011011000001010001001010011010111010101111001111011011001000010110100011001111011000001010101011110010000011101100001000, 00101101010010011001010100100001111111000011001010110110101011110000001101001101101001010010101001110111010101011111110100110010
11111011110100100010111101111010110100111111101000011000010000101100111111001011000000000011110111100001110100111101100111110110, 01100110011101100010100011100101001010110110001011101111101001100010000010000001011110111110111101010011011110010110101100010011
10010001111101010101000100010010110001010000101000101010001101011000111100110011011111010010100001100101100101000000011111101010, 01000101101111010110000000010010111110001001100010000101011010001110101101001010001000001011100011011101101011101000110000110010
11010010001101011011011100001111010111001010100001111111110101100110110111100001100010111000111000010011001101011011001100111010, 01111110101010111011101110001101011010110100101000111011110001101101111111101001101000010110011101010010000011110001010110001111
