110100010101110000010010101010100010011110100000010010010100111101101001100100111011101011001111111000011101100010010111011110100100101100100000, 011010001011010110010111101000001100010100010001001101111100101111011011011111111110001000001110101010001010000011011100101100101011000110001001
100001010010101001100010110101110001011001111100110010110011000111011110100110000011110001001111111101010001100100000011111011110100101010100001, 110010110100011001110010100011100011001111000011010110000100000110000110010011001001001110000011110000001101111000011000101110001110001101010011
010100100001111110110110111110100010001100010001011110011001011100010100100010010100100101101101010011100011111000110101100101001101011110111011, 101101110011111111101010001010100010100100010110100100000100100011010111001000011100010011001100001110101110011100010101100110100001011011001110
111110011011100110001000100101000111011110010101001001011011111111100011011100111011010101110100111001101011100110011101011010111000011000100100, 011110111010001111110111111110110100110011011111101011001100100100101101101101000000010110010000110000111011000101110111111100101101010101001101
101010101001010001100001001011111010101001001110010000000000100100011110111111101100001010010110110110101001011100010111111000011000011110001110, 010100111000000011011110111010001111111100011101110011100001100111010100111100110110011001100000111010001011100001111010000010000111101010100111
101111100000010101010100100010101000011110110100001110100100100001011110111100111010000000001010010100101100000011100110101100010110011001011100, 101110100000111100010011101101010110100011100100100010110110011001000100111110110111100011111101110010111010101011000111011101001111011001010000
111000001100000111100011110101111010101111111001001000110101011011001111111011101111111001101011000011010010110011110101110101000001100110111010, 101101010001011000001010001101010010110010100100000000110110011100101111101101010111000001100010111110000010001110100011111000101001011011010010
101100000101000010100010110101000111001101000111011001111001100110001110011111011100001101001000101110110101111100111100000011010001101001111110, 100011110110101000000110010111100000010110010001110011110000100111000011010111010000110100011110010011111011100010000100101100001111000011110101
101101111000110010101110011000000011100010001011100000011000010011100100000100010011001011011000111001110110111010010011000111110000111110000000, 110100011111000100101101000110110010011100000000111100111000011010100100011010001101011000011111111110100100101001110011010110101001011001010011
110111111010010010000011101111010100011000011011111101101111111001000111111011111011111010010011000100101101010011000111010110001011001010100110, 001011110111110110001010011111101001010010110110000000111000010011100110010011011100111011011001000011010100000011111011110011001001100101111110
000010110000101110010101101000001111111101001000000100001110001001000111011101111000010100000011011000000011010001101101001011110001111001100001, 001110100100010100000110101110100110100011011100100100011100001011001111001000100011001011111101100111001000001100011011101111001011111101101101
000000110101101011011111001000100010100001000011110000010101010111110110111001100100011010011000001111100000001111011010101110101100011010111111, 011110010101001110101111001111011101110000101101101111110110101111000000000001011010000101001001010101111110100001110001100100011100000101111101
110000100001011000111111000011100000111111111000110010001010101011101001001110011101011110001001011011011011001100010101010111011010100100000100, 001000000010111001011000101000111011100111000110000011110001000101001111110001110010001000000110001010010001101010101111000010001111011000110011
000111001111101101010001110011001101001111000100111110000000110011111100111001011000011000100001000010000001010000100001010111101000000100000110, 011010100100000010010100011010001000111011101001001101110001111110010111101001111010100101011110000000011111010110100111000001001110010110001011
000101110110110010010000000111111001110010110011110001111111000110100110011011110000011110101011110000110101100101001100110101011100101111100110, 001100010101000001010101010110111100101111000011011100011101001111000101011111101101001001101011110010011011010001110111101100001000011101001101
011010001001011000010010011001011100010000101110110000011111010100111010111010001111110111001100010101010010111001111001010111011101100111111001, 011100011101010111100111000100100000000111110110111101110010001011000110010000011100100011110101001001000010110011111101100011010111111101110001
101110001010110000010000100110110000010001100000001101101000000101110010110111110010100001101000111011010100111111110101000110001011001001010001, 000100110111011100111110100110110001010101001111010110101100101001111001110100001001000101001100010001111100111011101101001111011000100111110100
010011001010011001010000101110000000101110001101000101110000101001110100100011011010100101110010010010100000101010001011010001110101101000000101, 101100101100110010001011100001101111110111111110001111110011010010010010100110111000000000011111111011001110111111001001101101111111100011001111
001100100001101111110010100000001011011100101001110011110100110000100011011000111011110110101101000011101001111100001111100111111011001000110111, 000100001001110010001111001001110111010110011010111111000000010111010100101010000001110011110111011010111111001010000101011100000100100110000101
000000111011100010001000000011011011011110010011001110110000110100001101100010000010001110010111010111001111001111011111000111011010001010011000, 110011000101011100011100110111010000101110110011101011001101100111000110000111000000101000000011001110101111001011111110010100110111001001000001
101000110101000100010011011110110101010001000100001011100000100111010101010000100111000110110010011010111010010011001110000100110001001000111110, 110010001100011111010110010111110111011111100111100101010000010111101100000001010111100110000000011100010000100100111010011110100111111111010101
111101111110110001111011011000000001100000111011101010001100001111100000000101111010110010001011101000010001110010000011111010000011000111000100, 100111001110001000000110100101101001001001011110110001110010101111001110011100010101010000111101011101111110111111010001101010110101010000101101
110100010001110110110100100011000001110111110010101001110101001011000100100001000010000011001010001110100101000110000110000000011101100011111110, 100010001001000111110100010000111110010010110100010111101110100111101100000001000101011011000101000001111111001111011111000011000001100111000111
110001011001001111100101001100101101110101011000011110001100111011001000001000010111010111011001111111111110001110000000011010101101000100011101, 000011010001000100010101101011111101111110001000001010100010101100111000111000101110011011011100001110000010001101011100010101111011111101100111
110111100000110000000011101111101000011011101000001011101010111000101001011101001001110011001000101000110100110010101011101001001000110010101110, 001010011100000100011100101000011111001011001110001001110101000101110000011011101101000001011011110110000010000101111011110001101011010111000110
100110011001000101000010000110001000110010111100010101000101110101000010000000000000101010111111110100101111110001100101101111100100110110010000, 101100011101101000001011001010111100110110100110111101000101011111111111101100100110011111110001010100100100110110010100000000101101111100111000
011111000010100111010010010000010000110101101001011011001011011001011011000011011000010100100001001010111011011111001111010000101000101110110000, 010110011101100010101111110001000110101011001101101101101111100001101110011101101011010010011000111010011000011010011001110100110101111010000111
110111100111001111000110110101111100101100001110011011100011101000000001101101010001001111000101010011000010111111011011110001011000110111010101, 001111001010001101011100100111010101001000001001110111010010111001101010110001011111100010101000010101100001100011010000110010001000000011000000
001101000110101100110010110010111101001011111011000110110000000101110100111101000010110001110010101100000100100110110010111110001100101110111100, 101110010000000110111110011011010111010100101101010110111011101011010100010111010101101010010001011111010110011001011000111000100100000001011100
010011101010101100101110011110000011010011000000010011110001101011111101111111010001001111100101101001100001101011111001010100111000101111101100, 111110011111110100010011100101100011000001100000110100111010010101111010010101111000010010010111110101010110100110110110001111010111010011000011
111110101111110101001011010101010011101001101101110000011101010010000100100101111110011001001011111100010111000001101011101001111001000110010101, 101000100011110000000011001000101111001001001010100011111110010001100011011000111101010010100010011011001110100011110110100011111111111110110011
001100010100101000111110111101001111010101010000010100000101101111010010010101101111010111110100101011001111101000011010111100000000111011100011, 000111110100111001011000111100111100110001010000010101100001000100001110110011111000101110010110111101001010100011111111101110111111101001001001
011010101100010001011011111011111011101011101001010101010011101001011110011111011010001111011011111110110111000000011110000010101110001000111100, 000010010000100011100111111101001101111100011101101100000000000100011111001000000010010010110011010100110000110001011100101010100110000010000011
010100111000000000101001100111000110111111000111011100110100101001111001111111100111101110001100100110100000001011011011011001100001110111111101, 010100001001000000010101100011010010101000000101111010011111011101010111100011110100000100010001011000000110010101100010101001001010010100000000
001101111001111000110011011011110001010000011100101000010000111110011000110101101111111001111001101101100101101000011110111001101001010001011000, 010010110101101001110010011001101110101000000001000101111001000001111011110111001101111110101001010100100000110101111001011001110001010101010011
101011101110010011100100101000111000101011101010000100010010001011101011110010000110101000011100101010000100010101000000101000001001010011101101, 000101100010001110110010010001011111010111100000000111110100100011101001011010101111111001000000100001110010111010000010001100101010101000100100
010011010001100110101010100110001111011000001011011011111001101101100011010110110011001110100001011000010001011001111110010000010100000110111110, 110001011101111111101110111110001101100100000111001111000101110101010101101101010100001100010111101001011001111111100100010001101110000001110101
111101000001111011110011100001101101100110100011001001001011001111001011100100010010101101001000001110011011111100000111011000010010111111111100, 000100100001011101110100011011010011010110111010101100110011000001100011100001001100111100101111000001011000111110110000101001000010110110100001
011111001001100011001101101111110011101101001001110101110011010011010011000101110101111101110110011011011110111011000000010110100010000011010010, 110100011101001000100010100100011011000111101101010011000100000001001011111000010100000100000000101111110101011100100111110100011101000011010010
101100000010101110110110001100111000100100110010100011101100010101100010100111100100010100100000000011101111110100111101010001011100011011101011, 100111100010010001110111100101001010010100111101101101000010101010100010001000000100000101100011000101000110100001011110111001010101101111110011
000011010100011010010111010001111101011110010000000111001010001010001100000110100110010011011001110010011110000101000100101100101010001101011100, 110100101101001011110111000010011100101111011101011001101000111011101100010111111111000111011110011101010001001000000000000101111010011110011101
011100001000111111011101101000101010101110100110110111111010011000000101011011011100011000101000110110001100001010100000110001001100110100101000, 111011011011010011010010100111101110100011100101000010100101011000101100011110101111111110100111100110010100000100010001011000111110001111100000
001010100100001100110010010000010000001111001110001011010010111010011010101110101100101011001001111011110010011100101110101011100111011001001100, 111110011110100010101111010011100001010010111101011001110010000110100000110100111111001000111110000001100000001000010001011100110011110110001000
000100001100101000100100110010110110101110100010110011000100111000101111001010100000111101101000011100110111001111111001100001010001001010100011, 101001010100011100100110010101001011101110011010011101001001000001101000110110011011101111011011000001000000100010011011011100010011101011001111
111111000100110110001101001101000101111000110111111111101111100010010100001000101110110011000000111101100110001010000101011110101000001010011010, 110010011011101101100011111001100111101011101100001001110011111101010010001010100000010000101010111000100001010010100011001011000011101010101101
010110000111110101100111010100010000100010101010010101110001110001010100001001101000100100000001111000110111101000001001101011000001111100111101, 110100100000100010011101101101000101100011001000111100001111111000101100000011100010010101100010110100011010101001101000100110010001010101001110
000111010101101001110000111111110111111110111100000000001100000001011000100011010100001101010001011100100001000001101000100111001001110100101101, 010100010110110000111011101011010010001011101111111111100110111000110100000010110000010011101110011111100001011011010000100110001110101101111100
010111110100011111010010100101010110011011110110000110100001110100011110110000101001001110100000101010101111101000011110010101110111010111011100, 010001100011001001001011110111101010110001100100011001110100011101011111011000111010110110100010101100110111010100100100100111001100011001101011
100100101101101001101110100100010100001000011000010011010101101101011011000101111111101001110110011000110110100011011000000000000001011110001010, 110110110001001001111001011010101101010111001000001011010111010000101111100001101101010010111010001100001110000000010000010000110001001111001101
000010101101101010010001010001011110001011010001001110010001101110111101010001010000011111101110111101111110100100110111111011100011111001001011, 010100100101001100001110101110111010011011011001110111011100001000001011010110011001001010011110110000100111011000100110000011001110111111010110
011011000110111110010000100001000011000010010101100111110000000110111001010010100010000110010111100110010000010001010111110111001110010000000000, 010111100110111010100010010100110000101010111111000100110111100001010000011111011000111111111010100000010000110010101011100010001100110000001010
110101011100010100000111011111110101101111100000010111111110101101001010001101000111111001010011000100110011110111110110011010101000111101111000, 000010000101101000101110101010001111011100100111010010100010100011101100100011101100011000000100101101000101011110110010111101100001001100100001
001111011000001000001001111000101000100001101011011110000011101011101001000100101011011011110100010001001000100110111000011010001011011000000111, 011100011011110011110101010100111010101110011110110100111000111011011100010111011010011100000011011001001111110000101100110010001000000010010101
101111101011000100101101001100101001101000000011100011110011001000010100011000000111010110110111011110001111100111111101110100011011010111100000, 111101101110110110000111111100111110111100000000010100110001011010100101011110010111101110011101001000000001000000001011111011010100101110000000
111101010001010011010111011111010000001100011010000101111001101001100001110001110000000100100010001101011101111111110111101000011001110011000110, 111000001001111110000111110111100101100001101001010100010010000110111101111111010010010101011101100100101000101001011101010000110100101101001111
100100111001110111111000010010110000000111001101010010000000010111100011111110110001010011001010100110101101011010100010101100011100101000100011, 011100001110000111100000111111000110100001011100110110001010000111001111010101001010000000111100100110100011111000110000011011110101000101001110
111100101010101110000110000001010011111110010001110100001100111110010101001000011111010010100010010010111010001000110111111101101000010110110010, 100011110101101100011000011110011001001111111100110000010011010110001101100001000011110111110101100011011101110011000011101010111100110101011101
100111001100100001110111010011010010111000011110101010111001110011011001100111110111010001001100101111111111010000100111100000100111010011000010, 100111001110111100000010001000000100101010111000100011111011010111011010000101111011101010101000101111010001100111111000100001000011101001000110
010101101110001100000101011100101101010010010010001101101010110111100100100100101001100010000101110010100001101101001101111010101101101101000111, 001111110111101100100001101010110011100101000111010011111011011101011101001101100100110101010101011000101100000000111011011001010010110001100010
111000101110101011101000100101001101000101110101101110100110010101000001000010001111010110001001011100101001000001000110001101101110010110000000, 101010001001101000011010000001010001001101011100011100000010110111101011011101110001100011101010000111101000111101111000100101001100000001100110
010001000000000100010110101010001101110101001000001011101011110001100011011000000010110111001011110101100010010011001011000111011100101011101011, 110111000110111001010001010001001111100000010000010111110110010011011100110100111010100100110111010001010000110011111010101101101110110001111010
001001000000010000100111101110000111111110010111000011001011011011001111101111101111000111110001010101010000111011100101000001001111001000010000, 000001010100001100100011111111010110001101000010110101010011111011110101100010110010110101111111011111101100000110011000010011100001100101100001
111111100011000011100010101001101110001100101111100100111101111001000110001001111000001110010100110110100111010011100100010101011000011011101100, 110101001100001011011100000000011010110111000101110011010101111110001101001000001011110010111001100000010111110001011101000011101011011100110010
101101010101101110111001111111111101011010110111011000110101010000010100011111111100011110000010010001101010011100100111101011001100010011100101, 110010111001101001000011110011100010001100001100100100000110000101000110011101100010111000010011111100110100000110111011001100011110111010110000
110111100111010001101000001000101110010001001111011010111001000001100001010110100001001111010101000111010110001110010010001110001011000000100111, 000110011110100011001001001000110101101101000000111110000111011111111000101101111011011000100010111000000110000011110001111001100101110001001101
011110010000011101110001111110010111111010000101100110001011010100011010101010010101001001110100110010000011011001010010000000010000111010000111, 010000001001101100100001000001110001000011110000101010011111100000111000110010011110010000010001111100010011001100011110101100010001110110000101
101100111011101001010110110100010011011010111000101011011111111100100000011000000100010110111111100000011010101100110100110101101100110101100110, 110110110110111110110111010100100010111010011101110001100000111110110011000011010110001011111110001010010111111000011000011001110000111001101000
111101101101000001011100010111000010011111110001010001010100100111110001111111011100011001101010001000100010111110100010100000100000111001101001, 111001101110000010100000001101010001111011111000111010110101000101111001001010100000101110110100010001011110111110110100110010100101111101010111
010000110011011010100001011101100010011001000001001001110000000111101100111100100000100010101101011011010111100000010011101011011111101101001101, 001100010001010110001010010000100001011111000001011111100000101010011100010100101010101111011101110000111001011001101000111110110110101011000110
111111011100100110001000011010100111111110000000001011010100111001010110110001010001001101010010111010011110101001000110110001111011110010000100, 001011011111001010111100111001001001110110000111110100011100101110000100100100000100010011111111010110010100101001111111001011011011110011000010
001101001011101000000010111111100111110011000001001010111100010110010001010001001011000100111110000100101001001111111010010001001001000101001101, 111101110101100001000000010110000000100111100001101001000010111110101101010001011110000101010110100101101011110110010010001000001110010000100011
011010110010010011110111101001011111000011010110101111000001001001011101011011001111110100000011011011010000111111111010010001111111111001100000, 001001011001111100101010100111100011101101111010101001101111100010101010110001001010001101110110100001110101001000000000100010111110001010011000
111000111101011010000000110010010000110011110110011110100100011111100000110110001101000101011101001111001001001111100100000100010111000010011011, 011010001100010111010100000100111001100000100100000000000111110011011010000101011111001100100110100111011000000001101111000010111110111011010010
011100111000100001000110100111000011101001010100100010011100111000010011110100101010001001110011000011011011001100111011100110110011101101111011, 010011011011011010110110101111011010101111001010010011010000110111110111101001000011110110001010100011001011101010101001001110100011001010110101
101111101110001010100110010010111001101111100100000100010010011101100110110001110101101110000100101011100000111101101000000101011110001000010101, 010101111101110100110110111110011000001101111011110101010111011001110111101110011010101110010110111010111010100011111001000110111100101110000010
101011101010100111110001100011011001010011111110110001001110001000101000111001101110011100001000100110010110111100011011001000000000101000011010, 110010011111000010000001110100001110011000001100000000101011011110000001010111001101000010011000101101001000110111111010100000110010010111010000
010100100001111101000101101000011101011100110110001010101111010100100000100001101001001111001011011101010110111010000110100010001011000010010100, 010100000101010001010001011011111011000110010101010110110110001111011010101011111010001001111101100010101010100100111010110110001001101000001010
000100000101111100101001101110100001101111100100010001000011011010000110000010100100110000101110100011110000100000001001011011101001100010011011, 111111010110101100111011010110000011010110111011011101111000001000111010100010010000011001100111010111000001110001100001000010111110000111010110
111011001011100010111011110001111011111010001011000110011100011111011111100100010101010101000101101101011101010101010011110111111100001111100101, 100111101100001111011010011110001001010110001001101010010000110001001001110101110111001001101101001011000011111000001001111110111001000001100010
011011011100111000010010011001101101101000011011001000010000000111101001110100100100100111011011010001000010000100001110101110100111001010001111, 101001100001000110010010010111010100101110100001001000001000111110111011101010111010111011110010001111110100100001011000101010100001111111100110
110111001100000100110100011001001110011100001011101100011000111100101101110110111010110011100100000110100110101001111010001011111110001100100100, 111011010010010111001100000010111111111100010100111111001011110010101111100100101110101100111010111110111111100010100000101100100100011001000100
000011111010100101110110001110010000011000111101101011001001010010010100000001110011011000100011110000101000001111101010111111011000011110101100, 000001100011110110110001000101111001000000011101100010000101111001001110110100010111001011110110011100001010110000101100111000100001111000111001
110101011100101110111000100000000001111110000001110110101101101110000000110111110101000000100000110110011000000000010010100000100101000111100101, 111000000111111000010101001101101001000001111110110001101010100101110110111011101111011011001011111000111000001100000000000010111100101010111111
101100010101000101100111000110011110011011010001110111111111000010001101100101101101111000101101111110001001010100011010100011101011111010101010, 110110010001111100110101011110100011000010000110100011000110011001100010110000110101010100100001010011010001000110111100010100011101101011001111
000101111000101110100010100111110010100101001111001110101100010100000101110101100101110110000011010010100001101100010010011011000001010010110110, 100111010110101111011000100011100000111111111001100101010111001010100100011000000100110000101001100111111000101110010111111000100110110011101101
100101010011000111010100011001011000001000001000000101110011011100011110001111110000101100001101100101110100111001001011000000101000110001010000, 011100010000111101111001010011111010000110101101111010001100010101100110101110110111110011100110010101101001100100011101000001010010011101000100
011111111111011100000000001001110100111101100110111001101000000000000010111010101100101111000001000110100111000111101111011010100100001000100110, 011100101100010101101100010111101110111110010011000110010011100010010011001111110111001100101011011001100101101111000000011111000000011101001111
000111000101001101001000000010001110100001010101111010001110100101100100010100100100101011111010001010000101000001111011011100111110010110001111, 000111100111101101111000010111000110011011101001000101011110100111000111011010011000011000011101100000100000000110000100010000001000011001010011
110010011001100011010010000100101011100010000011110011101010000100011110011110101011111010110110001101001111001010100010100101000111011110000100, 110010010010110011011010101000000000011011010101000011100010010011100110110000001100101110011101100110100100100011000000110011000000000010010010
001010100001110100110111001111111010100010011100110001111111010101010010100101010111101011010010011111110100111010110010100001010101111001001001, 110110001101010001101110010110100110111011011010100010111111001000101010001100011010011111011010100101100010111011000000100100010001001010110000
001101100100100011000110001001111001000011000011011000000000111010011100010011001010110011001111100101100010000010010111001000000101101001101001, 101011110010101100010110110110101000110110011110011000011011110111010111110101001100110110111000000000100110000110110111101000001010111100000111
010010100010111111111000111010000110000110000111101101110010110111111110111110101011001011111000110111011100011010001110011101110100000000011000, 101110011011010011001111110010001111011000100011100001010110010000101111000000011101000001101110011110000101010001110011001000010111001001000100
000000011011101100100010000111000000110100000101111110111011101001000101101000001010111110101011001111111111111001100000110101111100111101110000, 101010100011011011011011110011011110110100100111101100100100110001100001010100100011101111110001100101010101101001011101010111101100011100011000
100000110000001101001000111011100101100001110101011100000011111011011100001001001100010101111100001011111100000010010111011010000101110101101001, 000111011110111111100110000011111100000011011111011000100001010010111001110010011011100100110001011000011101010010011100010100100001100010001010
010001111101010000111001001000010110101111010001011101100000101101001001010100010000101111101110110001011110011101110010111101110010110011100111, 010001110001001111010000101100000100111101111100101101100100110101000110100000001001000010000110001100100001100110110011110011010101010001110111
011000001011101000100000000111101111010111011100100000101100110011001001110000001000011100100100101010110010101010110100110000011101000001100100, 000010111101100101010000101111001111001011011101010000000011111100100010001010110110111110110100000110101010100101111110101110000001110001010001
111000111011110110100101111001100110111001011000101001100000101001011000011111001110001110010010111111001110011011111000000111100000101011000100, 110110101000101010010110111101010101100001010110110010010100110011110000101010111101100011101010111100000100001110111101101101110111010000000010
110011111011011111010011110001111010011010011110101000011000011001000001100101100001111101011101001111101111011101001101000010100100011101100001, 010011110000001010110000100000111110000111011001001000010000000101110000100101010010110111001011110101000100101101010111111000101000110011111101
101111110000100001101011111010110011110011000110011110101011101001111011000111011010011100111010011101010000111100011110101100000010000100100100, 101010111001001010001001010100110100011001111010101001101111100010110001110001101010010000111000000001001110010111000000001111011001001000100000
011111011101011000111010110011100011001010010111000010010011100010110010000110110000010011101000111101010100101010110111011100101011101100011010, 011001100010000011011010110110110001111100111000001011000110111000101101011100101101110001100111110001100000111001000010101010110101100101111010
