26427144634041581275091418565803, 48869355933756824564987305571129
83170573488412658658814890408449, 46587354023071467713086269006413
12335227887769038735518820255591, 84085097898963871624353743376471
94976443823113985841418521964632, 18964443141384631426875330663749
97907156121189102353448494413137, 13629547997014535705905233556212
71419905253386994430970965182139, 41454242475354621717786882511749
67534997216742256711404120610694, 28425355411113240033149953544584
37771574068618482701124799586029, 72389200852434671503812740717553
37700512654744272925690624212691, 88151495288460227876387235838149
32783622825155991656147366874124, 42027352502038836518597507296969
45721279321133724712384239635947, 91155188056244817650382121682493
57079595540778344975646949783109, 37538005972367973647626868996981
82971013504281155877494611523628, 60109761670283717828249513044735
86360360692239460048086216399005, 33693376367233674877519956410391
32067960320210357038697331717347, 71085754112323816566213299311192
88267155753837240696017706687692, 83442726243438192952522616037716
79230445246611071622012633303344, 87980222357479607040309345320034
97830284282990881454240689827651, 41511751485330817415809149835351
66402565287974569570027340926635, 65182275525538039492941790401359
74408601396803127407237942069480, 94983587698788149636393580076353
61318125185665992690303906384893, 66012618974525162348404714586763
92510562889106343392900397409276, 65956543980705554080305845259790
70777987817363984344230782666221, 13264501124203947417043607907641
39501064713017173767307118547390, 23024625395340056278515569213265
62219700164747097473373688534698, 85954082709109824741109481374642
59708563720829666963393360672812, 57982105421441203430091221398737
60780869518993572157679811752087, 30382410835985920678100956916133
62559151946586447669044428851375, 70456064218012183447342372905898
71540996966282256187211963019296, 84645828293925381424645227108550
58241655364623127277920659300428, 30983101579116436448296535498220
86067336132971994216687895158092, 42358509768287132910732900994804
72425103386808688446777144071735, 84391408571067246845081331718104
79789740787296147714237365775614, 86174999522958433952590225855632
83004779393420967929995915415156, 54575266353008708510825898640874
93715203268924688475310108759199, 28397414138340465264042855771926
93853150445897529377107738054957, 15753608950700428108131955552310
14608019280006589948359118048673, 39500626799894929858162995602149
64153559635297487947874338814475, 55835879115360289465545044509302
49733016651186714078745699556687, 27197184379413988543486097765510
49204034788764772658766440501675, 66831274827586898134310480777894
90905586395598560643202905484390, 51882027007770096998676015677601
53645593459507268196067592633865, 74144435421990550112812630319154
50596755551349081745696886525719, 53549188562733102407452796275930
56439625265260200512454700747446, 60872064196812835759850617447092
93818403769922077077729445104896, 58036404087971742995698919783261
11149323324706128415310959998332, 52880718960093514933510511680297
79418164819322412302806628922496, 28883763150437022567576974441361
87753042784738461475573877454975, 75441662221524077247343669376878
45510793596771462479476210964947, 56132607197658881614620726729011
47293306660314197348667570817451, 86352908001843088467179726591295
93984549130766634986078486453979, 23479759784700812880134396588199
36745338422644374902097326112910, 40678715365324197313711301690143
11588106698890533966823447647637, 75630955484863704574801348899637
72866241211850736143164083512896, 65586467406638588958065598714482
78493169359153713816629621342313, 13112005127403805598557503846368
19832066389071341074498437247404, 61986382920665121265483699267449
54374760923180317898115300974199, 55266435074249224023784437364888
61288275289924888302594961457122, 35649601513106625057367248582487
34043776236755803195338086198670, 93552047185435995989889144704075
85591228609295264384648226401388, 39810753459775984079444513638492
82430040338801086281702484796118, 55076234552387540528410084724833
68098570212122397485816240775024, 56306326069572570193912219674185
58656782328483285325204510587786, 74323114293490142296169537685925
81523014654329872547855338839236, 22394194880362730157349968237442
51905282531097029651807495105344, 68006454620798839211356822860434
31865079339441947106370098060995, 14150725994810862041928814373267
20832916632533504185810310435022, 66693413900785846591228714572540
64279590207325527753460848887095, 20151519026444076208553065299496
10345125074296609668137005920393, 45066008026070910643523777594033
64481082795157203799179394412316, 80848980372886569202267344408689
14161841583361306327255662549160, 95255690665383717119198678820897
90097345899349896046488610161078, 84406304169276444624668390147026
30409188686365329822424062576125, 30140531966340181175365340187384
11259514140512802102546520100664, 76968593175310345619239903584408
39719913478612830558097261045126, 45857685512204897958265030422104
55481162865210060959359255334025, 23447983788187573079893650178013
27021449843044339013955830602197, 76275046191370762221227903877189
58890427814040779217605174766004, 65100754881714770148732153531298
49436159863180066408959789782515, 12355331536388261095360500266613
91502376469381757530104756047576, 53528136291285615074925153482149
97151494157569829608445444519935, 71823788728219302495809527669332
90066377999103131154720966696481, 65513785261167372364790430437323
82623256331303484697937771113009, 76740271073611822392020939875440
28655751324610109741567400346593, 13682904152098085636714028790322
72341144969216783739426998888462, 45500908062811408235362128900584
36620533439154789405223337587692, 89501229274290318993092779027816
84485899863231681954641750453839, 27428722725411705748919155742981
58974694973070939685829020648922, 50350401903658025431516248935853
82609517518622785895783842249635, 87904762055816194046362241293450
38797592125606257588124089536877, 63371170355225459797553813914542
50734269226877283909188845896113, 30138371751053814173377448445603
64820861319486020023245616124787, 84600029814473521989414695637171
36630199823687794684962312058887, 23408451870501860814481916292772
53414425592493119536810598961284, 18315695694988044210945084133302
59594788878764143203440420340150, 62533230485629220609911110056857
94217970615358310914502560602629, 57310958092658045085159253165287
84541129406117345981973503534740, 15726674931122636073666964859607
75352651533779677203570192704896, 63234610389358595852095086438051
98436197716714917183578124097611, 70555071246299961360904913330894
37664877536099727020551753968391, 71753860679813691486778983722897
