6442243205781057593483729298227121074973, 9672963065144313724633156316910309944981
6089918166668137374184476341152592675335, 9462275192633609896978589058403348869748
2583186589927533902562608655778570044019, 6649953251533401206953301991922353469788
6643635752559472837762119811534632755556, 3613294813277559850731208272338324177286
5985495409928907458868548995994332966639, 6263364870774356010595821156530925910768
4399865187145730639541754277513206882392, 8766270643073266380520910107114938218688
8241477566011576334243963076120873635608, 7100022231642608854848921012388736184750
6674038768727302288265456138298679712129, 9452785179217561261659564415774322439270
2384517229596882794075695673445072398348, 8358598432094558918661753857296406588321
8793000297904481147847272242218153238632, 5684528547441791502904157340164888593591
2731949510083066945406267309873655314640, 1833776343370531903627816086612953852307
4935965956818726712640248631393788396993, 5422816339840644312698458357098386940961
9481977304165437828286686010308048800574, 1154802905221595603674860153904049501689
7927423424707750944903941572722993332964, 7490656111950816922781805864441226134853
1832608618422175161264623377452435534455, 2026549514672723398879928966426044935960
2886833731522161101840731985468618578667, 8882504891901456037685489387203925801334
4531185990192828007517820290354438621982, 8029100813252887595775639662593301587556
1324606141896877330437139957178628220426, 7971332724382799929870100650286989475786
2362546684348510176889045883099423133542, 5243821710560398301320346119471593284930
8510530137367063603949113536210647108381, 1301663142936992970231919154555576688634
2523960580376069546035877871580047732657, 2361181740054038301094908744570003275638
1501311811513914399795516005009570344859, 7455170039038841848188563846209827433688
9769722082234343689654117831309674302572, 6021240292727145869459709547844709420533
9880295959750561336944532177842905321743, 3968389060180662242486620288080388790109
7357928735058700696951936453746432941943, 9782299498215896395818367290518287880498
7674548899825179009077425839072474050707, 3333542840083045467205745704835881226090
4162864165210660863592476084194943845654, 2970882372875417743520886858647475903083
7408630793896991435403719342989735492664, 4044710567207317968202154368394176038877
7031087820977658175229985698063935603152, 9556225659781021560187230875504246224545
7431220651146658432319510157060782980876, 7839395657912097229254077900781606936235
7147563585490007314583706266487375715734, 7235743408799658565424525186681156116014
5039563208741943891824699691999378470200, 5400995823284256442959580907452334745452
1711868475408570859365375001018913612915, 4639058816446512469015780420589729962916
9462471955226469250926206568106614974559, 6170677292095592769393227571890699695698
6498924920347137794841118516471436466612, 5397551649853844818879704992420385549699
3712160262520581734096376251338879974269, 4369053628827740186315173428265960575467
6429729538440213840640124165392225533164, 5482799641742893566883192855016480155791
3539974404750994548601467251476059379524, 8757691039490347441397119088536350676332
3520227207757122849163687020692372475483, 3358352171374085481647980933753384658022
3618240982429353257300283582533976999629, 6565646947269738865425017947203291390986
4489807363633737426129206868917240293080, 4412717714694953754826343885121448276131
3878163174865165978697902164997793519503, 2318401478878663015078000627269626185123
1434972223559834480236457252268546907685, 8615625381921299337386527144011851820666
1443426393183177858393616392065247214025, 4125150589836207981072172563375325167499
5986273282757798873131874891568851505453, 4596019308820492369487537779272015452985
5960672153301074379094742619259132353374, 7739300831996542899015901487645235864902
6127737917716193268129263855019898208127, 3968510704548460531780460941435712706150
2735692590954437333519364958079059268778, 3265140494487776690195682082322785079763
6914289976948729051088093127183641701597, 9301273391942180329009112581347324024814
4553781648737687441183798367863934799056, 9517717837250103710118424785566476254206
8934255770638070395458109730730525665387, 7058480518512174942136000841997520674776
7480430596354603753660693740606383020510, 8339665181835922140237115630853160337498
5664111157434445866348931106880948777062, 8016018063674086335726387442210163520059
8421036091930151955917643525590024066146, 3013631105944467109712665615254288859970
2760714741217037400268046392311187152140, 3537032687511142262130465862927461177092
7279586589271501270443067899265001019174, 3414186983862156030676170844301369738327
7770920446913749980737538069738978821225, 2927783940317860783336937640946617411889
2796595769502918530315160906685591564235, 9132627738269921312869792825083962722261
2139405848326024973006226507808357571242, 2698738812458020900604822011847535191024
1039984467843580306516004409431154037300, 8030846771321798484665999543885420532518
3184358552668489817816425126357892837433, 8229784648520317397790965759933679279672
1190355626794504640652806491938517239330, 4249451275168265097238400749901794180565
6854970336888261968833824060630287998382, 5808491792874910962575275880185191226969
7968858611256640102040853327066027217129, 4693613560229210713764221306713888647013
1783297537484122402589271794958888130273, 5420412437249590881188189720407590420466
3994203163163645683387810458576921819188, 6535812925188068324593164326659994395494
7484138841093054065944946999210914252046, 9699891334847218637180566281593983184934
2526642916785085368760415499354880820552, 2709985923337139198826306198989123105211
7637380693781896572364890583640662444812, 9006454237456890789549636267164532081530
1847114876097648425225004350289686872891, 9039848898323267799663854497061178591270
4446379727836073113210457686105764623274, 7952271421809242354124803719129362704675
5821355951109847506239803433330646039985, 8653194759016994058254382310756244019633
3554148872424904583498362503822029904838, 1513120335687210183967623156894110762554
6754262160587275359972126038697818561326, 2541771625636519583707338124925521591038
6043346454162134258558694773587531984720, 5637334725562294305497033584208263253001
6308955149251510281937793544120922965236, 9268199403416247137928419328796959609825
2569340042582469404189409574522725623663, 8711181849197283300860530392868033733459
4917710044462496961607070711882249528825, 1015805373263605999444703477726196818429
6493841537612146687533689994058153961088, 5251457077117424635439337769792143792501
5965499079333002496063598219043220153015, 2394478551324477593057149001293092005376
4573254587302571975574275481450723904727, 7954222469715820789737374301855443115559
5839688086498954592345678690474926376129, 9750631351522309944554732632854093279085
8596307705789181920222629712063938644312, 3640121422399148421345913284488946888052
7359731938393926140717701751204040950843, 2278937072878992247965966007866258802287
1213763176768941561697314113822723274334, 9679473321853929134330319372979087465051
4619367722218816685164461682231892133955, 9341250289271761600211239094878488958869
2124837654290506296842419482550383067058, 8844614994442541637301515621525808223890
9620401545256699210451889380501209011298, 5993079932649002942505081095944680248337
7305854234699729976449778650207564715153, 9912142756129815546226515025207747818553
2071224757615136833972027423051412233008, 3053646068644339351536492048250458159895
8395926936833202752661353157775181647578, 4589925694440686938495970827884552508830
7627524254212822268684491226476949024091, 1638683654024614727153736439225662611116
2093046592425769161269743770813200497389, 6580024703513372383398169292504519755365
7752348912148512328101100910244175965024, 4779748873215246835298110209267292058293
6806608685494675964991911961924956623065, 5407372909080748532679172961538730340999
7084914921224737969839912863996832930469, 1126682355270487856805177876692606173920
8280626629315681522649515920532995975630, 1618157770400067873008182452824397817445
8793457470800921931514541949060975175126, 8107923511490684500668950894412750452064
6735110262856716866104400320079790515199, 1882228665751267505453676261295365004250
8550078261147258509055201604661671553826, 8176809404402296396501164721469036931565
