111100000100001110111111100000111100001100111010, 010011100101110010100010101101101101000011010000
101111110001001001011011111011001011111111011111, 000101100010101001011111100111001101010100011001
111011010000110010000111010000101111100111111100, 110100110010000011001001001000011011011011111011
100101010001111110000101101011100011101001001011, 001101000000100110100110100111001010101001000101
101011110010111011011111111000000011000111101001, 001010101001111111010111001110010101110001000000
110110100011111111111011100110001101100100111110, 000110101001100100101001110011001110010010101101
111011110101110101001001100101010101001011011101, 101110010011111000011000011011101110110100001010
110111011110101111011010110101000000100110001101, 000111011100001001111101100010001100110110110011
111100101110010101011000100000001100001111001011, 010000101001011011111010010100101111010100011000
000100011100011110111101110100010010001010110100, 100000000111110000001001100010001101111000110010
001001110110100100110110111011001111000100101000, 111110101001110101001001001011100100000111110101
111010011000110111011001100011000101101110101000, 111100100110111100001010001101001101111101111101
111111100000100100000101101001100110111100101100, 101010010110110010001010001100111010101111011100
001000011111010110110000110001100011111001101011, 110010101010101111101100101110010110011111100011
111111100100001110100110100101101000110010001010, 001010101100110100110001000110000010010001010101
110011101011110010110010011011001111110001010111, 000101100010011100010110110000101101110011010001
110011011010100111110101100011101001111111110000, 001000101000001010110010010110101000010101111101
101101110010110011100100110000100101111111111000, 101101011011111100100101011101101110110101101111
011001011100001001011100011001010000111111010111, 010111101000011101001000000110011011000110101101
010110010101100000000101001000101011110100000001, 011001101010111101100111100111111000100010110000
110101101011010000111000001101100110100100110111, 111010101001010010110110000000110010110101101010
100110110000010111101011011111110100011110111001, 000010011011111001100100010010011011100101110010
000011000100010010110001000011001011111011011111, 110001001001000011101100000111010000100001110011
010001001111110100100001011100110010011111001001, 110010110101010101000111011010110111000100100001
000100111101010000000010011010110111000011100011, 101110100110110111110001011111101110000100011101
010100101101100010101011010110000100110100010101, 001010111110010101111111100110100010101001100000
001101100011100101011111011100010110111101011110, 001111111011111101101011111111000111001110100000
000001100010111001011110110100110111111000110001, 110000011111111111000011001110000100111011000010
101111100001001111011010011000101111000011100010, 100000101111110001010010110110100010101010010000
011011101111101101001110101001111001001110101000, 110111011111101101011100110101001011101000101100
101110101011111111010111111100110110111100010001, 110100111000101001010001010101111100000110010010
010110011111100000100110001110111010100000000010, 110001010011111110010010001000111111111101110010
100000111001000100110110001000110000001111010000, 111010111100110010111111110111111011001111101010
111101101010101011110011010100000011010100100101, 111110110101110101101110011010010110000110000011
110010101000010110010101110011010110000010011010, 101101011011100001010100000101000101100011011001
011001111011111000111010100011100010010100001111, 011010011010111111011001011001001100101110110011
110110101111011111001100001110111010111101010010, 100100010110001101010000010101100101100110011100
000110110101000001011010101000100101011111000101, 110110111101001111000101010010100111010110010101
111110111110010111011111100110100011001010011111, 111100111111000101101001101000011001111101000101
000110110011101001101100101100100111101000001010, 000100110011001100110011110111000101001101011010
010110111000100110001111010110111110110011011010, 110111100000110110101001000101011111101011100001
011110000011010000000100001110101000001011011011, 101101011000010011110111111000001001011100100001
010000101101110001001110011101100101001100010101, 000010111101100110011001101011101110001001110111
100111101001110100000000011101110001110101010000, 011011010000010000100101000010101110011000011011
111101101010001111101100100001111010100010010000, 001010011001111110100100010111000011000101101111
111010011111100001011110110111011101111110011000, 011110101010101100110010001101111001100100011101
111000000111101110101010001101111011100011010000, 000000101100000110100100101100110011110000110101
111011011001111101101111101010000010000000100011, 110101101010110011011010111010011110101011000110
111110000011110001000101111111000101111111001011, 111110101101100001011010100111111001110001110010
001011010110001011110100000100111011100000001011, 100111010101110101011001101110001111001001110001
100110010001000000100111011110010110000001011010, 111000100011100000011010101001011010111010010110
111111000010010011101011000011001100000110100001, 111101001110101111000101010000101110100011101000
001101111100001001110100001111110111001111010011, 010010010010110110000010010101000110010010110011
011100110001010101001110011000110111011111010001, 100000001001001111110111100011100101001000110111
010101101000001101111101001011010111010111011010, 011010101010001100111001100110110010100000101001
101011110010010100001111011010000101000111000011, 001000001110011101101100011011000011011110001000
011101100011100000100110001101110010010101100100, 000111010110100100111001100001100110011011100011
000101100110000111110010100001000101001111000100, 001000110110010001101010110000001111101110100000
000111111111011010010000000001110111100100111101, 000011011001101110110000000101001110011001000000
011011010011001010110000000110011110010001100001, 100010011100101011001110010110110100100011000111
011100111000101010110001001000001101010101010110, 000100100111011011110111111111010101101011010010
100110010000100100101101110001011110011101011001, 110000000111100100000100100000100010101000011011
110001111110000100011001000100001100110010000001, 110111001010000001011111110100101111011011110011
110100111000011001100111100101010010100110001110, 011110001110110001010101000110011100010111111011
110010000111110001011000000010101111011110111100, 001110011011110100001001001101110001111010010000
101000100110111101111111100001000111000100000001, 100000101110000011010011010100001101011001110001
111100100001111101101110001001101000000010010111, 100100001011001011111000111101101111111110010011
101111001101100110101101101101111110111010111010, 000011000101010001110111010010011110100110101000
000110111100011111011100000010101001010100001111, 100010000101000000001010010000000001101100111100
101000110001110001000010101100000010100000101010, 011111110111111101101111100000101001111110011000
010100110101010000100000001011001100011111110101, 100000000100011010000101011000001010101001110011
110011001101010111010101011110111110100001100010, 010000110011101100001010010110011011100111110001
110100100101101101101101101001001010010011111110, 100110111100001000100111011011100100101100111100
000111111010011001000001010001110000000010110000, 101001011110111100111000111011011100010011001010
111000010000110101101011001111111100000010100001, 110111000000111001100110000110111001100110111010
000111101011111110011010101000010101010010001101, 000010111010000011100101001100111101010110111100
001110000010111000111000101000110101010100011010, 100110111111000000011111000111001010111001010000
100010111010010011001000111110111110100011010100, 010011001001001110011001010001100100010110101101
011110001010110000110001111111010101000010110101, 001100010011001111100101001100000101101110101000
001011100000001100110100110100100011100001011111, 101000101010100101001010100011101010010000110100
111101100101100000101111000100101110110111010110, 011100101111000100100010100101010011110010000010
101111000100100101110011010011001000001010110110, 000000111001011111101001100100010010111000001101
110101101001001101101000010001001010010001011100, 010101110111010011110000010000000110000010010101
111001101001011001011011001111001001100010110110, 010111110111000001010100110001101101011110100000
001110011000010011110011101000001011111111110001, 000100010100111000001001111010010100111111010000
110010010100000101101011000101101011110000111001, 000110001101100011011001110101000101101010110111
011011110010101110111111101110010011000010010001, 101001010111100101010101110010001010111100101101
100000010010010111011010101010100101100111110110, 100011110000111100011101101011010111110101101100
111100000100010101101000101000110001011000001101, 001100101100010101111000110100010101010001111001
101000001101011010111011011000110110000000100111, 101010011110010000101101110110110010001010100110
101001001111101011001110000001100100010101100111, 011010111101010010110110111111111000111110000000
111100101110000010111101110011010010000100101111, 000010001111110101010001000000011010000101011100
101110010111101011101000010000100101101111101110, 110001010011000010101101100010001101011010010110
101110100111010000100110010101000000100001010001, 001011110111101001111000100001111111110010011000
101000011100101010110100111111110111100101110111, 110101010110001110010111110000001100100101000101
001110001000000110110011110110010101110111101100, 011001010110101001001110100110111110000100011111
101011001010101010011000010010001000111110111001, 101010010000010100010111100011001111111001110100
100101111101010010011111101000010111000001111010, 100110111110011011101000011011011010111000000111
010110101010011011000100000100011000101101100100, 001101001101001011011011011000111110110000101011
000110110000010101111110111111110110100001011011, 011011101101000110011101000010010000010010100000
