14787324799161704848225819605896373964899066979985759369, 32317711065343078934341038589103777254662827246865320626
56048014721579626543503149955641654092163123784671127294, 65908093970596175544787587307791481261624838435919785160
43515566531474014308537893416331307836440010227105685830, 82784582920509336286362084480541433410034761730711347048
94793974006081244345797222240662074235391147069181981459, 80430049320620673149577697957073767862473137451616454099
95094924224454835628981351858023239903569072330002990378, 17837271206670162292501771159071054956154900602028067579
13895967681183853109794777337006724471919187091069606908, 45503383003305120819811447406144704528366327643101983959
78883316695676375150059804728462632538518309192652350836, 51093218105819817550383612602191078719589340118210172398
90461495456402447077385553720664875515022479487770445872, 38281046101720071584807204894535990972962754674373617443
55537540062309496489589224482061315108879806639580123161, 64552159669688829945925690758599744605261047955443233944
24150018347951079701022014540499933622764217305887470961, 51405574673252265950707016431349592257283019486352617033
90004849793229258179748504607721760727813661557083439236, 18200552853909998404742067467705794482556683639223266417
66066296771460269354188394240565402058704858542034114466, 78069712310864220064533554262779487455467002367825859860
30898445177712798630286692393986227492134424802116550753, 66436423947170706347136636958815432540231018348489516974
30802271406595931482910842099937196961426199272753128037, 28800157394097874077186744103776727044637641854513271746
90576892717698756170677759888114998572970378406447758622, 86960864458178479289163081899642870450997582284766879615
23448632427119634597720612819181720695178354088654790648, 14326613920714781960756400522814909584252221396483872322
34178653376956640008482512108774025254696382385297652330, 19937722359124661045446005218185752331696492364450618288
25106523288066251158206803659847462099551024468761905631, 99531393404679816205144187063596844872994250708330743684
96694376298883996287400021415102326971560608101590752449, 56791365307579999239845736971194034780521560102904770699
98577963811884660329876258345274545890920937749172028318, 29223181103857141416762133845653575414913781468048232311
58363331904052784291853510844557939511094271396104132789, 62050201628108780643656646500355428090652076730003306428
45838347976131915171785363284013420129149475638692045974, 45291774692754183443210977241131258137150865592796843191
17541850806625006923205583620906976776709155091629343270, 35767238658951034142178764202735007163790173140670223408
84153628687980838904369614244103224857270968523580411487, 10790878347312277280421936935147949303991998472462471014
52422352655320476729326318893253375191069113824330462305, 19852116050144048194318720696862013001131429487830188622
81412543936766431407874865210271302606549525544656340608, 46636789671706807725213313954498008998143985351632054471
86379907134364801915710382271362440184206180234218741289, 55590725920657854377858251496511295502149390303128557161
62873809586636893160027030401596117590434512638229017521, 33249547860484605802974167685058610325624440296997928254
74962573276036952765785838805616175511522884413115037649, 81733695127365765738642629209812046822033821806222822661
41827315473449859993606918572303260688058096315845287853, 17185807199167880766887586021273589943594269259005418677
81515778236243727932670027653450841011979553896947196328, 29315905641505152571445076365429532960361600633590551708
54905635176155840785555531224428201644589354723872503614, 13281578207629643718149173114806746791924633776215535948
19394773159454701466657354442285232487218307051865463796, 63429902342510105752891370162008698051220989862669459476
20870206521584587466456211732495982237064217714563878090, 33875529767644797767219735059150673825751434199132381495
83891097475246398725540328160566505848348525851266616625, 49249580048689003865826282495259696869236699180558944205
11535170486945910467231144992118581770127476089690199073, 36017205954054814995593666942179767255155301882660023836
26522714281024385342647761503514767331197269835813719855, 31690908616964441118025355771476448073158501898700140225
99278915925381808687837658299761244100607728384247663132, 17032210511549900717493047649829819635536456958752121840
92478710632917300700122709944141482449433752074907890367, 70913393504898670901313939710138068512867772324983651411
62943140399702119371211023483065727158875209238639966553, 33648955523755053319630406678933379366072924074782143742
18562703788931528883528964827175235236772111503948051885, 83975251145088643922654287229877625277015125207168240639
24109830368347530635005047801343386042427265712007427656, 12499043996536387269743509608236038853527219739553100622
93568741228155671808734944996464364398526205112448389034, 95597210510732688465977534053165049460226850122946948777
57208962977529309120280554350609859643957939408881874325, 21047256953876640915320406121371812738796055663147656980
34234007071983874955773775719520046413394101501695033903, 57727174408376112221261771183217594653432538898437149642
23217157781932397918995801401329604594033818590764670232, 99292569953978648655946069826225037865812958368056843472
19542156130759160390156081302591506632323254620664448789, 52249441504483570272090579049805133084838569700242082278
49977432402100333322562516983613410939630808052872275549, 85367616551369919428589734390789184952214875786464251500
54313209771269489479050755450046842092455663180836665123, 64224152988083391117044710306000576671249024488100932291
88980103750299888426603363273555705961214282159674638558, 48524839794157632843968300311912779360913065135959916867
91937508374710044888476701725759419166589780201732584777, 40156529996987797454444725058271235445236089230710579462
48750334843365816845846993437997233053769157168891075155, 19395762563819734657096642382469391800165650411753926175
64760665902654459053213965676235203504175559815897889015, 92258103325253416767660810714125890810377163372877137985
38487807533835390372063298615050534582337347996450920930, 31565626320012045986783149836860060405273311802991472107
92654861571661067978872780389068302207528031824224674265, 51409205492304584351335344748544090514467790628337321025
65512661114452007183032510196521251205001917721800985373, 38818239935702263980744836831927294313887731361964906844
62864865455679674569735898980181411454161475186216883407, 31636232326006214790931328542651652408181884982929944452
33126751839875157895513451578483633491809510794124786192, 89728274670067534425649197826406282085205896354714163125
92480839452550239838766544922838554627641036684845427732, 79842413416606667031204258959561439257485987932011142380
92331647036037793514157495199302070502931627010553159544, 93556951646784279787065617901698112716857731229843154626
79665490439587893346159852844785209500514664657394234279, 85490036643239967756641619562273872242233712009549145640
48535223588453592229890006038384672098003234518700226155, 38922566943335129022511319174850521293446024914545056027
43837979401179493494900017794032631440942938112036319948, 73329463963738192688790577971666792606722206055252585079
68771720130921361403720563834136289859407954552089594154, 57521792206329423513171784236747228953197077903086558226
98247950579832299490742207003931164862003068866634901641, 58469626189299321549531482381386743223526184971880676581
94393990570265791821518391412811041712619992528534302892, 14123504232184385515857431881308452431129889247955533327
30085960352779965466746596955415785859562332802979415436, 65560922256924811379309790288671453354242121176067629192
84157119963414289894929354896827257053657066367207028634, 15409101510799688597829356465644392585067379247206471710
42851588532669745013489257646390781760396568191680352426, 90689743225270688927824812470879984489188741917556243606
80088436386628180318751693613768729516953389117157726247, 10315764229090458303313910555758885129750754166283496838
22896039686659976987439008172892635418528285631137340288, 12186381648878150401660254205050573105700653057415081102
47052168626802411672793090812957688271297276609674111323, 32583603242699464536292528135562210967653978094624096435
30801107405889411344110147025145033181956697858499846056, 32167885102774282055091185064589395622090380866064871497
18928529810259943543888931377410451075147190744036264134, 98908377543588463477023058711627037569848175839609549983
80259146563936118384292146370284429515861359835758673881, 28976132168189639898555564823643724234968200014230337722
83948691428020073132835155855986501396378346497458716673, 98470861667796388703543895295226402766449367495309117813
87493051952624903478034733595583612802225769060987146448, 21143484058198959958159398725780226990623432106411223500
33885234127861192581376454162429791961526137280634003001, 96833987910496227175918395203572992354134965545057733174
54504674307671955010659219350603487110876553416347175192, 15213447882757784278458076910175793067804187778759885082
45112588383469662100714328960609487367362445930413061155, 63536302697629904568073778794495561817663759698350689877
46472479174101400320560984231822745255936779644554648902, 35623313914373917992984675905519166439195581350742303206
27681426009378268954303533148200005617313285971661017114, 63675930870576908489914066182300248253859274114366260975
71669346063507884437093266660171467419289271693431966130, 87197373250409176226389153090963874240981871328725021211
92410231605091185379657608529925178538072968552173785060, 90722083129894021777348593120633199331258617089610430324
18452775211787337779410045087134345509651171835115433663, 95248964796236934251926974192046249136589785873082204555
15780763070121194239322696701432880384697952389692282052, 65265493763816184608326603679411320533156008225916356474
19348575434161578526973879150533989248835207438932473783, 30539335272914691405464897085821654855479173053825257496
87605881033219645591917453845715200246606462280132067421, 85704617700198316015131186636926948554888076130187239682
32130145635718047438382571011280902783792739349648623657, 92724566427989161892870765182384416803014275787832941806
21626084187448385910405117397955705188019653695193656200, 70968761882974727219800770496534160760931170616510422651
43363650790587967645720337409572982852279235718540152832, 46692970453095984663630819776530986048047100737579035935
90020868239027131877587893494958423224397391003403399737, 14461439349206742148556987468327823146106633395608513561
97181960076175709993008424696808243627265000064088762807, 48443506366865136655472137005886712326279685433695065702
23660437556073126772666132307842255698235958598868302191, 27874998381684220259648099462005710131367324485606871354
99079660631816591190372642866347394296825343418566988530, 57751712493817803435763145004267991091830072941669069731
51845641901249505716459013587344678503501106930996289935, 46872243447128229410458004332196426117432114114475450816
85423965121939920390830452818104188070028575177787377949, 50279321544210515534700801529684911473936384516323815259
60967200894519957676363454338191130591986203888452083377, 27170567279173804268753984153735146286979792336208562360
79978975280349236298788851641288666872059995997817338893, 77006426642398713226529983920019030397225600426460171112
97246699624678703362006563098704538531890760557176839775, 44795589739520565414313147397965767732763465285941081383
