9021387557353811839557398378968337477121840007600734573953480004, 2364552631760226077451349465046937448606576793616830820443604062
8471111073045178856223878794890222208052972936382372615776626946, 9894570912820279110789630456730195438519557931875728209499215332
5017781443580945608573057975723772542383125982515186695376689994, 4514660850970709194428911075481660522348962910659993869255999545
8773287924600641050726619474992241806927296305001245512766475496, 7351259503498822364808072402478370215113631985156711267101977057
2721911991189457950629736596582775312536936474038916540948761684, 8026775322059451336870546803524510580214982055835901737651461593
7044251667336735032121082565727670368842908466241578526334390644, 8734746502637231893276434970236756604977867801976996284508068644
6792315175938376756069056085060610760948931901716489955562916749, 2318171184124299711995976643637985728557852593177158753190160869
9329715777573964715036620878265322950840164738680087840772464806, 6248923257283851051871213121679849848983581554446146485496818810
4608213234856062645675427391415881528846325405243897638567164387, 1578824951894531674499140413699995880847324037565195791799716547
4147188878995675903705533788234573399321762623983298157782670992, 8988920050808695721793646804336922841740489867734023336124984184
2362263842557078699242220742983863398092943927918012296161729038, 4904907712982862325116491400512365689660703158673190408506490253
3851373196015020326368975617080439633693941619750540009123931585, 1498696054556815285516957275562753359244338807847671361896448424
7786814087772607403208791691635949356165172116034471652138424246, 2366812322308926217100219358774350766547796754128604597948594101
5207169943288770443852287886223832382699042230959776160120641029, 8661318314032718872720999373440879800870783493156832920545357686
5767305195241654940076193588480037604450440271202963261584679011, 8443041532741262004597156119732035441588275379867119424307981111
4512505377616040245674142853787241215033372169432005779468434042, 3578629760768986082805196978406519219682422640992615628079708804
9814484640867311538192443914157284032625106638347302436982562498, 2722084716602366811527721807512032456707440436789722200917154109
9287606045869579526346784508002339198599310077227518434377482564, 4090158392551617131672261713116857998217884219308918187338970971
3669570244627100013964464965006804711515029140244016133693803544, 3002317620110972754956343322495473127769338179543377820038477722
7923227683536444507903162857490175844316613200966567935260703712, 9273034428693709922145145042316312363553161019997794755354791752
1481583919243729690021602840970823169402857760717304314412884571, 2557292352763421264061203047069443315224657508617846245951413993
5243631513716989752310532325406656898861891729163364889295210300, 2426281653747490189900550099988603663495209786907013429451716579
2304853029353456923580700571261425799143848351139476976978539890, 5682466829150979821900530912238886414444217427800872894800582796
5503068907640947108631129527051285775556969381971319190545477238, 6247774020950117863688131185664481138045507284463661452011100559
3934032501643730567279218150609118668435962124649835877781413509, 5694081322656255159197984693874269847899224873192841214435058191
7923550236717266916581003956873316966117818368945797019442308102, 7898095112015062576864670805451818234494869224704295525605261088
9632312739747564594691663524282127664304849716206005169607967240, 5785162795997333554151406865736892647750574874560080522055481058
7702372854374866817265731172322165459338294929394916730653316621, 9195639988086682090177541749637391534158680660686154284318133232
8929879252259887079784484315716578385250208235785762175420025855, 3826132217377984136865496028447783735890532654393760343094529294
1745860931861082164992184208359029728531875006777420391728218099, 4483861387486352629826005555125609632207246738964230542537092238
7132395395997446735400763299073808310020399968183794218193505040, 4094173738675772602393649804898748675810840750597842069760794294
7122445724050286365524782405688089568234083194999332980041296996, 9774550993992573128692618806696353403078210185922692905724421052
6430157963249905726967883954122946456329670929311710944475209596, 1494595279851830148717206676618938231559505239958208557868011314
4217281027295718605971980492409128230501266477746537004749805577, 5567301587507273479070678414975015390185057068701638676256581356
3734639291677322745712718153935142447610721053720296210471415200, 7149871926915682805438488574992604681236673583618938313868180067
2724638746272322739015384442019042012073656911513418018633454515, 7102207779452683745710081400642538680941493342180246802736836190
6564858567308988299254545552878684077378329150215897663592476296, 5033027074439472563906189664866262395829434976882348559676105654
5561724039585848709147029808498239678729760986380023935727462044, 6281364365746210744266763044920857630896792698466968759438890264
4778514894145805984992397085399485038359738808485640986721129437, 2036700476065828704227784877909486809773076848191450994254103696
3817736158041812561428133268357702300069861440855731340654303901, 6752492194007937161234710016029386745104274713088116188915500134
8646188463910645555481602208049375652029312620995296322355749406, 3006915271130677909273236530303358982376379598591965445288192707
6871926737476231586205618898237147689263801783177508169060555455, 8933785766739515629666448000858474238344746556108529675230521634
5732841192914213652044142212377468023726656485852662056332719074, 6809390700252020824197959008086818535554023761063113315179012839
9283620900143866836169090462575465582944292405190562491188460463, 3842299638280927311683674206846784799930152987561870794319548296
5445506988714481839187438832162671520474857932616103389029672640, 8557840392605936222229713400889520241844705777910931096313279442
3996358239738865625809595718751794221854371038217473027849871248, 2040372999263497419353718890165955806701953285746813422345291974
7315855776283988453944768483704875349111449327747876894749847167, 9770289663123187082739166157173870997594009181751854878927230544
4593112324341806441199503013630532849531388324691661729567528424, 7571790669485875193790653527891474678378394440882609712296005390
6307172922508577163365634754784712969417670583989424697383939559, 8100678537731883903094583199759336211007255973191751025319837241
3278501566034528147098043765707383230358726847995043029589706907, 8310132254537440357674699719935542068152664182465921275515479912
7297347305747290800229009161069562623420146780852376669289197209, 9496334573751318257232590460854520822490592197711791320077228051
4172578366970529681687832211145571343625901586105143096551585900, 4980794169015803748351261561723230050901424097051166640713931291
6649940037197649978595417979550114093088431294831917492941987455, 5636513171617765857975786321376020671500914226011401378180187635
8179348788368095797088261043265686199092659671483442047372304141, 6632104236165958668832864714079832786545302318649789100259227121
5144321420492822845396157003172493006777891965062493065251426189, 7965154534797377486258898583706829235641049406905470538187710998
7933380432935942968725301571652033776442261794250235637823871983, 5077850818236938271046714074742117962532830746933812227865839345
6700204361793628649142462031403050247415516613988525030955767348, 4537455165472652876026989053633056177011390620800879018758923930
4840629903221623342023668914145963122624959837060715565538335058, 1318199148021927588247298156576172937928550481981455968258060515
8480948818916086676477748188051627579249653387057032413002265481, 8099756203140393815788681157698850568206598078857765385013795082
2158396109022470683075487250668698036764130190635745227527529635, 1566861778488905652001150083235835259044847969320728791422905806
5251023247300409654222750418089236391410675463399841655178641282, 2168928029038874877141492202436872802448219435120914522472253980
5993339314656824925907873626145676119475974590347818975601370668, 1492272494431342526950371990930705643296549361928217553898859339
5053738089810459129177923467264918445883055983629768772826248482, 5867071846048367789334570803112955590963274110403455485955219538
8626826863673726584497013431533784864418006641896156571830243000, 8168451601286086847952720090265603632641161943353323337917837145
1919178627189831537277993104265342483283879850648870365430290656, 7061619412056181354820593634910342838980054082286726457231187521
4776975753331859178428142142102934586781741324788210130015313394, 4768403797766955204631394307793742854934651692632961090808626183
5453671098481338983327040654592061336303228089189221797544166842, 7110786490860910219698067171256683765582216402812745803774792720
5775712591318123791207517014453563142355650138763278363449242357, 1348239015389563499670086597832136993027850145236428825810499821
7942329248263984304913062845282982095909814534534922020367033001, 1134461967988926488827370064239323250649558679129383071425133272
3058757100767601854044599075696590504792055946599079271455062663, 6399253713002764254552160787213742679324370018353745572400034757
7330260209123605596243665675360281158941257845776740301970288909, 8082327295126674973628648115733197700999939903596768949984535176
4385129352592853140325036104094541203981333809276679371804704717, 1394211737868731096920919638958183904750056125291215007491569484
4089370815527777527528753589853450062884019420282217645280348007, 9719905236048202475509550082891988020400331607055751925197535955
9863451942297499315079127488387251232638445928894436518717486915, 1207716563955793258628685536403323295017411709824287656815821152
1586230411924225518029932013815686465223685189521542907249314938, 5220900630693684926416796326816837325946953869042322414486589225
4661759360282545891894945031448987201319212214819658678472343628, 8984016770163013440652595233005870647680675176554767339474651570
5535831757652313224913673188342652052295250960200711951196405400, 5794773359654838543063898025220719120580334287917653582351393193
8521552900900351433950055316019736941205657475981417935091155483, 6773805620126931454347998380176422038662222074793825935652599653
6809648305449546211619366481959206319953648936762819575132364101, 2719708399664526427952237720477977379410177699220194208716908136
3655657724139452290867815091721356459011144611420383177610544618, 3849065683281416945311391684671108832031782547569057504561603471
1239270950408522204865254067473049580042182708234514133948966177, 9312319022330485388246073278163694816637512941070870072060945189
4699576278668824334973015136529802482929012300176686470827134389, 9644716169183239046429921551971956425065928114514180850307111575
6804091801777612822838444942964806727223470529583623816502877279, 8764183497932214962320621390715885028442819263620330797029989970
1133590294168897720882249629713016153579895572625240863128510293, 2889178898962663036297435275207162171114970848084761659934095760
9191379848693592584427031048771185341202076918527413777769019451, 3640027744445110970414514883390431344253210081088541533433617665
7042767469207013342655409709493479180337072444278322697095530358, 4294411433846722321289324965562889047631993021898378580490589911
8661528752288049931253989881530348625742396336012360979770230640, 5990104266251310357771125823242747857886258708397048218444233020
9189658317854775073040865171776161430051150718364012829716881531, 8574681472375078465665080055572534645809933575726740229797410996
4484699272100338497887980146367559752190626902699558805252224905, 3846165794900728101987181891161961597020578136792182866311518348
1279124308514144095169628858083710265219864074768071479528010640, 3256827349341164603717246792628065203975212151550566238740181933
9012196350185509310134032563175266555979907630565547562613113156, 2037674025692372695101462120029878217633224444088655864486756409
8904647785039993828066925335074775902431949001794251372854203574, 2341100005689016178929325536345273492603435054138377417053902243
9846926574397704278526705293372350249169318456626322943322326116, 4263653563786352536389727310697839118237599782485145027180694082
9371969920320809407130299778867791417714876797997895598469204113, 1737955000998109155727600398956351731432407320964947025823758080
1431768041924488739200038193602965872878324389223103169623498140, 6064126824687421653874350837757560841074448115567966681099073282
6197650189393319953277478660334686096774414481173802793646078086, 1287132870029128151737402206403294257039265904436612461048874296
9442713559306432204948009412355864400782781404629040960825759698, 6619033597627866605091379431657295017610173161133476570278055751
3742265748587802119841124803784722450608192295541607738380441421, 5766498517153524474642392361438125949981911821810344034346873778
9812659343257875796598610299998896966246339021762480079054328097, 9366160454939669031311459704013753198523458850746282661824156336
7193281674090633175130690495085036361618950160674682416061556353, 7571167620393556328401403458425133056016747832488839436714686899
