766524420730589787045000595623372733533491458616972635482796616243887387, 307619824299201795240766783630695470520596453705243754645382506711943671
314140534947683136413654779402292897887850429067982778427946157619521728, 219293678286265978333015556831509985321687469460571483607310254034047357
965234659646030214930761790125111431431593174143879306056273835920287696, 557981985071760531026655158055905072850383799690857179530820563966412456
784105017973559472794831477551919292425397038557924118031097711488142552, 513114011699729773249380243668277424730043625036011711762959883799315613
987710656564348604137924620695694165574335760666992382885260096100097050, 840159967195337748929877820277040650757877108183052481148474551387250552
166180040723682996613140589360111113741726108412179658330023220347318141, 855878885565390769318917338649586630790095704206143961176022490389296386
578710634014422108564819705733170217296659981923671679145395329105818663, 289824737916091923153701628207533631323573422326726661186055115950522341
883548959571644023869623802818790281747705472350687948177997745214712884, 361718777232903046217805449061590881488920331319075362996064034582792669
957232063036744323614052336780842922712581663892153029132268808860026454, 121106384512267152526005941731357029599861113485816694281496117397698485
725270174496967008773392196553245832041238679993241181972861193831575716, 156541867006992794939915157267836593366957600113266612515207301534219154
473108539127482993119766327756431823388396131063753755817841335784873699, 907111177435244380222823435396448296257282027066488514463685605555992431
474770389700273096699074971489920879455216269273442597075527050498745940, 494330486261793401047178671601331917593740453472637003584254614580667174
905159502070763602360591702777551619784860240621800649730909310368154819, 712324221103391083692086171621018454104271629750703530010810886344374975
644942612654399180801087094830232274827012447406220130078241941327081198, 583007938548614140760025863954327308942099446283053261918736355758515895
382831416368234967758093647552415117614210493551764851062204594692121192, 409760019093580277060607828500062689305151134176963128276040473123449962
264968736971450167192604824891690105127216988803650332389242430171927706, 836960178812279280286969298076219999397871238187290781231742800498759127
784770519449936185802303244390134990099417488550386877117433284821642134, 124083729758938181015257664723204307226380161927901693915838958347289069
626958507442245054904896114014530242004789791603905238568846006520880674, 342224957498699863743038506944006008051831179283598681466665762642208202
583925014482688824621055588537259548783441082659544499705897584163049515, 857114332586403701217008638293612512157775313642057301437110053011624800
798744668504717925300251216046085898070764747387432169236950849562797983, 879334324991940432376478332119561230862303965046196234963253826492535567
357291810319006199457691025533317854911210585062554159230085456137947736, 618822497172354870370716833747967974705921681007713748932055387108296658
908225827227069157692478747903605778548293766273550992713122173198224237, 535610157180778958871350566228667000621585270267390227637750800018857442
752712133209316678922966381960551273309052696500454069602718794092363219, 893869173029082636419297875189053351371221568201119815670753879469206665
635907663267759829531467395473423651265389902523942571507027425103732026, 322944189950609275709526574685129772823363218639028307240081733235350659
258092646538147048949375864816808185968230616556498722352264185754515468, 169017434614452726072619535806182432354567211876348653420404913155021757
741088991132503258669687568824439310259313341804162462852931025220442632, 724946524461133705444489910561084723836358192535949655252767135582807060
247629988423359574283663888357939356179758805393583593094920056152005301, 280823649032452567906457211146794361452468230911734235631006450986022053
322655159654975192317138567146416738684569957747636469616036606898760074, 903777122955258374280879019423782809071623815615195956966277284186036879
941407637698420232387023034829724058075683855980867853705906359761500590, 514839279192121874550976333626544800699572584233639579882246509409531354
589721424094329279976548987101411183572972905081845007825797035304160962, 931652762348971904625670880853968362146543954843856072210380345504587766
550115965065491406014701270560707134790913034452710651268332228660354702, 390856805357615254378919601302919964440037208667877071070995068491450683
976165249589512384882629506717198627219676351672251637181643408406676807, 747240058845810314405206547886721708885362989047535087398130090513743252
788592863335444820631727283553765170748830397878821987017469247451274414, 358389795326358538440035680359146740040383342056888246356674813884943028
965509411827871110258563224127459152723983409185365720387581498752223108, 638076238832801278243992137270371120696384092053036010294929646283690493
686114203057554443616998746339401860078125529304686152377785157800709234, 180626402007588249060859464184538980199708551471995008512875134575069099
733740066089121983165953510786935312900226700122157081640944487298527874, 793545664531438824422216178153491061956225509011176225558096557888786099
154937348915917942820208212743111893619070961245724565436578000791847498, 603667319209458841545912947578296958393009572759576619967142159259178923
716651958644315468199267732957579746896094545907688054154347787272557530, 781125628580124750097008891297005108607539273610114321702023775334805628
313051065278649985305906401867399024286468371958937564825126012997545345, 656829036591223608076700250417567138138831069711469059008843648394484369
523542149930946686465183959980393392520807410706925031960965235637683854, 904811000125309661781649236797567412107043480559423563380447295233200341
162554645094548336013133775919660801008316744746418635619918879996894463, 979767804070183571958598051535597992577977922736874876857773647860670630
311813005013874043224674850850324763452414768913711052330387712310308137, 272367869410005214736571140507694562008222403134255847820099410577814797
579726167583565631903883679953057461162945661238590536392047043752694449, 839018718488256610763785452611982684527427440695661545526065304280776935
226761673073110943442687214722471667831005046955816688939118325222283926, 297639584847637636557461255506532210814002928334029945103396889688699249
277258886018093140121039644606611619560609718362377633519208268743300417, 403090065549521059540577819322872876422237532784828263790285211872337981
170005260111972953159435424888207668451761969006054870347806774910904423, 855350534440418199140427390454451230397830126339256543887082386618133452
906509752308087468035359498508480494249649479615495154800959272781025664, 375037128453331524307131630450143484631896026400302391687436814737262262
528267675926710184660947621696960473488961395932735726755729525907189293, 143161315247767741402926079526913830506892942820578667378112019348537332
403570816141405868857643162695715824575014329890030095874544117831165286, 899856633967944590533164833254038174069131591375228744947037377447008894
213025244500072387026480391572494602045108140369644610635639678798714574, 354922648076194273755204905728889355422897509848854665177673872784042525
663711127612907648658309579112209910367592309529825885467100697001620380, 487567286126254569783691925893157999831353030478964896302768975898460355
611458601315884603092074761790874142783714829790059749108157935281284236, 298271533332150302754035931773386225687800757003514498364144554195314858
452870889663515391654813302926192256939876537646483672284178212234985071, 592655090315678228058040075170795205068697921643303107302732374767370895
594094592872596496244607818253465101900057719805785849155158787810771052, 584638782426350335866146702322805438904959547337734145267076631941312993
128332114798569310831303271129162458300619165398248987611843150067782790, 836529158915905557541609255843067766879288964470320936345378490428154179
450847838062007466560622846448514423152884495944020484401321821500280413, 403481636525829623686966992107272003818866853537756763992975812024942425
517048938830813998267766923994063179648624862189155774607258580410159276, 161420098850709644446886680671073307395053853855128282402399063107631953
640565573029824524395236643382385977502902861413556505702404469499899430, 271174549154192717773858173440854437886978265069349790094615154497538976
802462735622308960102241885820983403077148037455073723253715579067235130, 490457300276981972685162365025711669433077553632688151661080548424967094
246809050322210386573210607672661685249494933208008332463153298541022110, 850606065235929593550618204966902832007613623628505258814197615770445188
583121560860483904546624883967366540695811909319686673015956329397499372, 257486841954980076916690173190520077812770774458542929874294810158084742
347075683358633370908094285754237893861714808999160216492419949407032716, 944326779708644079794723153747967539440664534277251349483413227514044089
753480369733309713386255933386961538468566037552149462603236169514431845, 888098493562453952097109759566984761755857045975436162902328547587893566
649701052882374440931909341574104297753635055133875832847783597190711313, 477235794090206029479173206065161102945295610965952272719442733283343512
970179242179968504968358580256796019980920747453407114960512735153075759, 792200902310575510105323692380246406916800915672631820038482182903442777
853527308332483814094363983931611554652660754716236184380862303503059862, 469940605500809765056911742613162734796273296432657111581997832749112931
139284689739302582637535738322227992647217987056595509616288305245867708, 994246284223551839835928984431302156278581908682872811391241307202676929
645464952814279377894873749784154888440272383138327108721795360552589502, 179838291083444510707966153974677509823021657151637542242867316127576616
565468463682306649624744933206022100838359616729045976588914861922648740, 593776846420717304742482866794252955468549231638523238416276857718376937
561638866036948663338641783606567680495206755860148840435885459324761569, 661575476120427434421129824005284433155722509155557288140125884153223662
806009430456139914498274210681039212684731638933086644802250998846012862, 252940421799207670003733522693657002323769301092663610736521022692829339
253757015242717625777406311447845727919503340834689214559135323958471860, 724323786626862646921360297269950675659934575331004528954993309687139573
317595381278338251286761408773869437895465514832165842732632249806820655, 781965145175462198309526979434138917184233472136415057726799792897945446
381038002746808092555000506394817011192053388529096829618032868143212466, 133758358866435657746620973626901151732860107102974677774422323834745164
168683820574200730167401272956663354436488644511415277150175177049062475, 545593236774997091835091924791310165820776411671185267183464610785878815
790631697612557352033294891179667805544792721288832219986216581031580561, 883465092738999263178975110927609387693052711728772798535334725696731122
702193125888452661918238091526284955212324180674784620883252542036819079, 211604446963418753607974533018664683368541070037403633462240917862559010
775491170138100995164857295936847133228836270471845080231682355908974001, 750356336135045747546020899722449136873058828755059482104631150111916135
296247314528846176381674156244741357623770778627760325510898930908673726, 990376911199640647343912911137492221114066434873935138921967142286755597
120881100116322738561776262094161727376623310223842785540994597375599225, 421776743674785299287354167148035502588866597275846663375784915095872000
174309974768187899365872891373339832828632915754590575337051150226932397, 993912706103992091199627316003411508186443470863870548664919947858174537
726513198853018753935964862991608791194972848708105363911201968090843659, 255394998304384522221792846592822527458327374819072772127855789083056440
656116762182744770050959806740639738009438437649501387086351249794796632, 311815170559650767078460542137201036330040267233178444675578556279431748
875968107056124619956617128750401196991169851469632350920290062101077960, 678506842421275930331395308694228692983252654849050997958775219979281575
172209116350785649549652135847569669345106342338884529405328169961397109, 323928330629461927038168735947081728545673215376652601074515650431060890
979042686914254866005862796969096855482649338238107935153050078457462339, 432198178935831948116335944010316587615898830616257932251704804138505842
130366738170104848044995189712020826495658785830037740192441507717117280, 734794516805269381138466725128159504522661998264132537044551910335584252
181308868341546921689863429561507746570024356491545862521332937893553600, 608790002725845319311349072360299787648611104690701757961854430782425354
554855608806242205113425405871827155117779433474448778534624926521131551, 255877632110655674800887432597531413580142007384938396031793026522052455
469894993774790421742130002881362566568168520250340058022185065914326711, 487443795755023260130624449908405079791391080487604570639782943444690325
474865008119385124361434991076517463307880424345449401245091973994599460, 595797903689674867572900369397551990922400698265243521630976864686176263
648141840821562750243784847519734991041338351494154361977688933091853818, 366697267827204265449407094856252828030677359638341299792229195329032422
996502594129365552332055962738849900274685264935945751442749434878239015, 518095385898122668470664118430682918425682400789393675345166253968861042
738867345247176931674250039088860735185427639040596785739879360283434857, 482937582502050956629026085570842843149386510363759531154395770676844574
115948967459850651811625171917051116855576234620307566965191796426958557, 436363779001027955415553538707365274558701970191415000536556419205691901
103474863942612311397492773471166940880794736164972545520559128107166479, 949522110046740508719753531703123037136533287943305898599087346589965894
692467459459519473098277416845500098491623268719971388045735624321312565, 298315584123473302666235398725741834260163167599720770200259037804707547
593668020016415137771671357449970080979053042644760856080311649887040738, 268976554811927230285667686969349700018921268888671240005777245631536986
729702392130298191981099578196995980828490604061674865164002521095327429, 165420406440937803496328493845962137620219243879419092098282181526874315
251698646552172582083894771492810307853656754991013508759182654466666944, 334133959562758988151167808423452308897105779794447653604170189378322531
