11000000101011101001100000110101010011000001100010101111010101000110101000000010, 11011111011010011001111010100111010010101000111011101101100110000010110011100011
11000101011001100011010000001110100100001011110111001101100001111110111001110000, 01110101111111100100111010011011011000010100010101101001100001001110111001010101
00011001000100110110010101011110100111010110011010010010111110011010100011100010, 00011001001010100001100010011000000001000000001000110000111010111010011110100011
01000001110100110110110000111000001010010100111111111111010110001110010101011001, 01010110100100000000101001111111011100111100011110011100111111001000110101101100
11111010001000101111100111001011010111010000110010010010101100011111010000100110, 01110001000110000101010000000111011000111010010010000101011001011011010110101001
11010100011110010001000000110101101110100010111001001001111010110101000100110011, 11101010011010010001001000001110000101100000001010011111010000010010011111101101
10101110001011111000000111111101011111110111011001011110000011111110110000110010, 00100000000000111000111101100001000011100111011011010011100001101100001101001110
10101110011011111000101001100100110010011111010001001110101101101010001010001010, 01110001011001100101011011100111000001111110011110000111001011100001100111000011
11110101100110010111110111010000110001111000000100111110111111100001000111000111, 10110101100111110111111100000100000000011111110110110000000011100001100010011011
00011101011011100011001000000110010111000000001100100011000011100101001101101101, 01100010110110010011011000100000000101110000101110011111100101101000011101011000
10011111100010111100010110011111100100001011010000100011111010111111110111001111, 10101111110110110101010100100101111100111011111100111000010000001001101111011011
00011011000111100101010100110000100011110101011100010111010110111001010010100110, 01110110111011111010111010011001001000111100011001001100000101000011111001011001
00110011110111110111000100010111000110000111101110100011100111000000101101111100, 11001101110101001101111000011110001010000010100011101110101111011001000010010100
00110110110010110101010100001100000001110010101001100010100110111110101000000000, 01011111010100000011110100000001111000000101101001010001100000000000010110110101
11111101000000100010011101010111110010110011001000110100101111001110001100111010, 00110001011111011101011011010100010011010011100110101101100011111011101001010001
00010111010000001100001011011111100110110001011010111010000100110110000111111000, 01111011110001011011100011100011110000000010111100000000000110111011110110110000
11011000100111111001110110000101001101011101100001111111110101010011110001000110, 01000011011101101011101111101100100010000101010001101101011101011011010110001010
10010111001110101001011000100001110111011011000110010011101011110100010111111101, 01010100000100001101010101100100001010010100110011111110100010100101011010101100
11111011000001010010101001110001011010000100110110011001011101000011000111001101, 01111110100110001101110001000001001110011010011001001011000111111000011101001101
11011010101111110110100110010100001010010010101010110000100010110100111011101111, 11000110001001001100000001000011001011101010011001111111010111001011011110101010
10111111011001001010101111010111110011011000110011100111100110111001100111000001, 10010010000101111011110011010001100110110010101101000100100010000000001000101110
10100010001111110010100101000101010000001101001110110010111100001111001110000111, 11011001111111010000001010101100010101010011111010001011001001001111011000000111
00010011001110010110000001111011100100100000101011111001110100111101110101101110, 00101110110001011000000001111001100011010000000101010101010111011100111001000111
00110110111110111100001110000010000010000010011110001101010001101101111001110100, 01000011101111001110011010011100010101100110011100000010001001101110100111011100
01011011100000001011010100110111111011011011100000111010010000001000101110010010, 01110100111111001011000011100001011011001111101000100010101101101111110110010000
11110110110100010000101101001010101010101100001101000110000100110100011101100110, 01110111000010111010111100000011001011100011100111000100110110111110010011100011
01110110000111101000110110110010001100000111111111100001101001011101000000101001, 01001000000100010000001100000101010100110010110000000001011111110001001110101111
10100010110011011110100111110011111101111110110010111100010011110001100011000101, 10010010001000010010111011001001101011100110010111011000001111101001110011100010
11000010011000001011001001100000111010111001010101001000000011011011110001101001, 00100000101010010101011000010001010011001110101011000010111010001111000101111100
01111111110011110100010100001000001110001100001011110100000010000000011001011010, 00101101010011010101010100011110001111101001010010001111000100000000111100010111
10111010000000001101010101101110010111010011110000010000100010000011101100011110, 10011010100010101110101100101100110101111011110011111101111011111010010000110010
10010000110001101110101001011101101110101010001001000011100011101110100111100001, 10111000010100000111000111000010101110001001101010110111001101101010010001110011
11010010101100101101000111000011000001011001010110110000111010100110100000010000, 00100010011001000001011111000001101100100101000100101111010001010011001100010101
01011110010001001100001000001010010110001101010001001011100000111000111100110011, 01111100111010011000110000011010000000110010010001100101111001001101100010111000
10000100110100010101111000100111111111100110111000111010101001011111100010011001, 11111100110011010101111001100100111010111100111000100110001010000011111000011100
01111000101101100110011110011000000010101110101011110011110101011101001100100011, 00011011110011111110011000011000001100100011000000011011110100101010101000101100
01011011001010010010110110000100011001010000001000000011001101101000100000101100, 11101010010001111011000000100010011111111110000100101101110111100000111110110100
11101111011100010110011111111110111001010000110110000010011011111010110111001010, 10101100011110100101101111111100011111101011010100101110100010110000010101101000
01001110011110000001101110001001000100100100101000110111100010110100010011000101, 10101111100001011000101000111100010100000001101111011110101000000011100010011100
11010000011011101111110100110000000100011001110011111100010101100101011010000101, 11010101000110000100111000110110000010111000111011000010000110001000101000100010
10101001101000111110101001110110110010011001001000011111011101111110011010101110, 00001111100000101000100011011001101100000111011110101100000100110101001010101100
10110000110111010001001111010101101001111111110100010011001101111101100001001000, 00010010100110000010101111001110100111011010010000100011100101111011101111011101
01100110011010010001111110110100110100110000011010001011100100011110110001011000, 00101001110100111101110011011010001111111010011001110000100100101111110001011111
11111011100100100011110100101000100111111011110010000011000110101010001001001010, 01001100100101111001101000101110001110010000010100001110010000110110110011100101
01011110011110010000111110001011001000111010111010100000110110000101011011001001, 11011001010101101101001100101010101110111100000100011011111001101100000000101101
01010000011100000110100011000010100001011000101111101111011101111111110000000011, 11011101100110000100000011010111111011110100111000101000111001110110011110101100
01000011010110110001110100100001101011001001110011101110100000011111101111100001, 11100000001011000011101001101001010011100011010101110100011110111101111101011001
10011110111011010110010111100001110010100010011011111001100010010001010101110111, 00000100100110110011001100011001111000011100011101010010010001111111000011000001
00101000010010110111101011100110110001011110000001101011000111110100101010101000, 11110011100010110011011101110000010011010101110100101111010001011111101001011100
11111111111000001101011111000000000001001100011101010001101010010011101001110011, 00100011110001001101101101000010101100010110011101110001101101011110010001010000
00110011010011001100011111010111010010001000110100100011101010011010001010010001, 11001100101111001110000110111100001011111100001110110100010001001010000010011011
01110110010101111100011001010110000111010101100100011101000101001010101100010010, 01100000101111100111110111101100100011000001001100010110010110110001111010011111
10100100101011010011001000010001010111001111111101000001101010101110111110110001, 11110110011110001000101000010001011001010011101001001001010010001011101001001010
11001011100100000000101011010001010011000100011001101000100000111101111000110100, 01000110001100001101100111101111101100011011010110001111110001000111011101110000
00100100011110011000010011000110111011111100110000010110010101110001010100110101, 00001101111010000000110100000000111101001100101101001011010101010011101101010010
01011001001111110001110000101011011100011100000010001000111100100010110110100000, 11011011000100101000100000100110101010010000010011010101000010111000000010010001
00011000001111011110011110000001010100101000100100111011101011000101000101111100, 00011111100001000011111000100111101101100010001100010100010011110101101110101011
11011001001010001010111111110100011011110001110110010001110001111000011001000010, 01101001001101101001011111110000011111110000111001001111000110101110110010001100
01001100010101110011000011011111000101001001110000010100001110000011101001000101, 01101110001100100011111100110000001011011110111000011110011110111100000011011111
10010011110100001111010111001100010110011011010110000011110101011100111101101101, 01110100010101001111100011010000110010001100101110001111011000110111100001110011
00110101000001110101011111010010101001010001000101001111110111100011001010000100, 01100010000000100011000011010001111011101000101110011111101000111110100000001010
01000001111010000111011011010001110110011000010100011101100011111001010000110101, 10101110101100000100101111011100011100100111100101100110110011110010000110110111
10000110100110000011000101011100111001100010011111111101100110100100101110111001, 11010001010100100111011010000110110000011001001001111101101010000010010001101110
01000110100101101101011100011010101011100100011111100000010011110010101110101111, 10100011100101001011110111001011110110110011110000100111001100011100011100011101
10111110100100000101101010111001110110011001110101011000011101111010100111100000, 11010110000101011100101001111010111011110000111011011001000011101000111100100001
10000100001101000001000011100000011111010100100011010110110111111010001110110100, 11000110010001001010100000001001110011011011011110111111101010100010110010001100
00000100101000100101001011101000011000100111000010000111011100010011111001101010, 01110011011010101111000110100101011010111110000100001000010001100011100000110010
10010100100011001100110011011000010011100010001100101111000000011110111000110010, 00111100010101101010010101101101010011110111100000110001111001110000110000110010
11111110111101110101101011011000100111000010010010101010110100000100000011000001, 01001011010110110101100111101100110010101011111000100110100011011010101101011000
10000101011110110101110010101000101100101100010101000000010110100110001100001001, 00000100110011110011000011101111011011000101000010011011100000001000001100100000
01010110101001010110101011000111110101011101011001101101000111100110101010101110, 01100010000001010100111111110111010010011100100110111011111100010101111001010000
10010110001010011010100010011101101100010110110100011011011011000110101000110111, 01001101100010010100011001101101111111110101010011000111000000000010001000011000
01000100100000110010101101101110010110111000100101110000110101111011110010101100, 11100111010010000000001001100101001100010101101011110010011110101010010111110111
10000001100100100111010011111100011000010101100100000001000101011011001010011010, 01101011101011011010000101011100100010101101011101010110000001010000101100110111
00100111000110100010100011100010010100110011000101111000011010110110110101111111, 00101111010000111011111110010000100011010011000111101010010111111100110011001011
10011001001010011101101101101001000101001001001101010010111010010011100110011010, 10101010111001001001011000000000000100110101110001010010111100101001001101011001
01000000110111010010101011010100110000010101110101001011110100100001111110110101, 10101101010000101100000101100010110000100001110001001011100001001100100010111010
11000001100010011001100101011011011101000010111111010001000001111101010101011110, 10110100111111011110100011010100100000110011001001110101011010000101101001010000
10101110001110000100011010100110100010111111000010001101110010101111000100100100, 01001001101011100011000111001011101101001111110111100100110001010001000010111010
10111100000011010101010010000100001010001100010000111100110011001010011011101010, 01100000010000001010011010111011000110000011011111110011001101010110100011000011
10000010000110100111001111101101111001110111000111000011111010010010011010101011, 00100100001101000101010111111100001011001000111111110100001101110000111010100111
10100110100001100101100010011011100100100011100001100110010010001100010111101011, 11110000011001010110000100110111011000110100101000100010011000100100000010110111
01000100100111100001010100011000010010000111001110011101000010101111000001000101, 10000110001000011110111010011110111100000011000010010111101100110111001100100100
01001100010001110101111000101010011001111101011111011110011100000101010101110011, 01111000110010110111101010000000001001110001111000010011110001111010001011001010
11011101110111111000100101101011000010110100011010000000010010110101101101111010, 11011000011101111110000110101111100110100001000011101100110001011110011011111010
00000010110100110101100110111000000110011000011011101101010110110111010011110001, 01001101111100011011000010011101110101001110100100001110000111010110001000101101
00111101101110100010100110110100000000110011111001010110111001100110011101011110, 01101010100000010001000101010101011010011010011001000011000101100101111010001111
10011011000010101100111100110111001010101000111100110000000001111011010011010000, 11001000011011001010010011100111000001010010010101111001110010101011000010000011
11111010110000001110000100110110010111010110000110001101110101001101110000011111, 00000100111010100000011001001100000000011100100101110010000001100110111001110011
01001011110111111010011110101000010000011110000011000110101101100100010100001000, 00101011001010101111010101100100010011111100000010001111011100000100101110010010
11011111101000010101001000010010101100110000101110110110010110011101100000100110, 10100111110000101101011010110100000110001100100001100100100111100111010000011010
00010110010001110100101000100100111111101001110110010100110100100111100010001001, 11110001110000000111000101001010001011100110110011111101010101001101000000110000
01101110010000011110100101100111000100110000101110101000011011010010110001100000, 10001001101101111000010001000100010001000110000000010110001111000010101110110111
01111111110100111000010001100100010100110100100011100111000100110001010001000110, 01110000100100110100111101010010011111101000000010010100001111010110001111100000
01000001100101100101100101111001000101000111100101001100111000100100110110111001, 01111101101111110100011100101011110111001011001001101101011001101110010011101010
00001101000111010010101010011001111010010011110111111000010011111001011011001100, 00111010000111001011010010000101010000100011110100011100101110101100001101101011
01110111001110001010101111100001000001011110100100000100010000110111100110100111, 00011011001111100110010100101101010000010011001011111100100111001111001011110101
01110110110001000011100111001001011010101110111011000110001111001101000011100000, 11011001110100110010010101010101001101001110110101000011000101010110000100100010
00000101001111001011000111001101101100101011100100011110101000001100110011111000, 11011100001111010001010100110100101111110110001100011010101000011000100100000100
00110110001110011000011100001001011100110110000010100101000110111001000010000100, 11101111111101001000111110100000101111100111000011011010000001000100101011101011
