100011011110111100111011111100001111001100000101101000011111001010110100110001001101110110100101, 011000011111011000000000111011111100110000011100111100110010111000111001010001111000011101100011
000001000100111011111111011011100100000111011011110001000101110011100101000110000000010101011011, 111011011100100010001010100110110101000100000010000010111001110001101110001100100110010000000100
110100100100110111110110010111001100001100101100110000000010010011110100111010111011011010010111, 101011110011000001100101000101111010000100111000101110001101011011010100010001010111001010010000
010110001111001010011110010101000110110001010100001001111011110000000111001000101001000100111111, 000101010011100110111010100110100110111001110110000100110011101110001011101000010100110000101111
000011101010101101110011000010111011011101111110010010111000110011000000111101011101011010111101, 001111010110110001100000011000011000110010100101101100001011100010000000001111011010100011010100
000110100001100001110001110101111000000111010011111100001100111001100011000010000100011010001000, 011111111000001110100110101110111110011000110111110100111000011111000000110100001111011110100110
110100100111111000000111111010000001001111110111001010010010001000111011110010111110101000111000, 011011111010010100000100011100011001111111111101001001001000110010010101101010011111000110111101
011110110001011100001111101001010000101101110111011111101011111010010000001100110111110111001010, 000111011001100101101011000000110010111010000110010011110000111010101001110110110111001111111000
011100100101111110011010010000111011010011001100001011001101000011001111011010001100010111001011, 110101000001100110001000000011101101101011000010100001001110100111101100010001011101001100110111
110110011011110110001000111010010001101010000111001110101001100001101100111111010111011110100100, 110010011101000111110110001111000000000111010000001011100111011001011110110010101111000001111101
111100110110100010010111101001001011111001011000010000011001101101110000000011010101011111011100, 001100010010100001011010100011111101010001100010110111011101000001010001001100010000111110010001
111000101000111111101111010110001011110100001010110101111110110110101100011110101000111011000111, 111110101001001001011110111111011100000110100110111010000111011011101000011101011101000101111011
010100100111101100001001110001111010110101110000001100100101000010001001000111010000101001110100, 111001001000110101010000010101001111111010000101110001110001100111111101100010100100101011100000
110000011011010011101010100101101110111001101110001010111110011100111011000101011111000100000100, 011100101000001010000110001110110000110111100010111110000110011011100100111011011101011100101111
000000100111001100010101101010110000010111111001001101111001111111111001110101110111000110110100, 000110001001100110100110110010001001010111110101010000010100111101010000001010101111110111111100
110011101111101011100010010100110001001001011001001100010000101011110111101111010000011001011011, 001000000110000010001111010000110111110000010010000000110100101110001000000001011101001001111111
001110001110110110011110111011011011110111111101000000010010111111111110111000000010101001111110, 001111011101111110100011001101001011100110001110010001011110100110010011101110000000111100111111
001001111101100000000000010100101010000000010100001001111111001110001110100001011111101001111001, 110000011001100001110100011111010100110001101111100001100001111110111000110110100111100111101011
010000110001110010100111011101001011101011000100110100011100000101000101000010001100011100110010, 101110010100000111011101110111100110101110011100111010010000000010011011001010101101011100110101
110110111011100011001101100110101110101010010011111100001100111001010001011101100000110111010011, 101101010001001111110010000100110001110000101011000111111111101100001000001111100111111010001010
101001110100111010111101101100001111111011101110110100110101000000001001111101101100101001010100, 011011100111101010001100011110100011010101010010011010001001010010000001101101100110010000100100
001010001100111000001100010001100101011101010110100110100010110111001111000111001001001111000110, 011011011100010100001111110100011010111011001110000010101111010011111110101100101111100000010001
100001110000110110000011000001001111100110001000000110010100100011110100111100000110010001000001, 101100101010111111000011001010101100111100110000010001111110110100110000011001111101000111110000
110110000001101111101011100110111111111010010101010101111101000001110001101111001010111010101001, 010100110100110101001010101011100000001010010011101111011011010010101101110101001010010000101001
110000000101001100110110110110000101000000010101010111101011001110011000111100111010000010010011, 111100011000111001010010101001101100100100000011001100000010110001010010010010001000011010101110
000011001000011000100011011111100100000000100100011001010101000001110001011010000101010110010000, 111001000101011010100110001110110010100000011011010110000110101001000110100001000101001000110111
001111101001011011010100110111110101010010000000000111000001110011000100101001001001010000001111, 110101100010000110000011101101101010101111101101100001001111000111000000100110000101011001111010
001111001100110001100110100101111001001100101111010111000010101111101011000101011000101000100101, 001000011000011000101010100110010000011110110011110100001111101011100100000000000000110001111001
101101011111111110000010110101010010010000001111111011110111110000000001000101000101101011110000, 110001011010110000101010011011100000000110100101000110101010001110010110101001001001100000101101
110110110011101110110011010010000100110001101000011101111100101011101100101000000111001000111101, 011101100001001000101010100101101000100110000011100001110011011110011011011011111100101001011001
111110110011011111100101000011011111000010000010110001111111011111110101111101011010110000101111, 000111101100000111000100010110010001010101101010000101110000000111101001111101111010111110111010
010100110011111011001011010111110111011100000000010111111100000101111001100001000011101110110001, 010100110001100101010000101110110110110100011111010101010110011001000110111011000010111010001101
001100100101101111100010010001100001101111101011100111101101000111100101011000000011100110111001, 000111101101001000110011100011100111100001010000101101111100111111101110111001111101011010111111
111101101100101100101110000101110000111001001110000111010001011100110111001011111001101010010000, 110111101001111111001000110001110111111101011100011100000000001111010100011110111100111001100010
110000010100011010010101001011100010011110111010010011110010101001111011000010101110100101101001, 011001011001111000010001010000001011101101010100011111111010101110100110110101000111101010110111
101010010101000101110010111011001101101010111000101010000100100001011111110110101001111000110000, 101110011001101000011010111010101111101011100000100100011111110100011010011011000101000111010110
101101011010011111011010111011101110010110011010010100100111000100000111000110101000101111110111, 110001111000101111000111010000001000101001010011000010100100110011001100010010111100111111100101
011011110111000110000010010111110011101110000101011011001000101110001001010001001000010000010001, 101100101010001000101011001001000010010110010001011011010101000001000001011011011001010101010010
001010101011000100101000100111000111010001000000011100010100011111000000010100101101010101011101, 110101000010001001011110001101111100001110100001110100000011110010011001110111100111100011111100
010110111101101011011110010110111101010111011000100101010001000000010011000101101001100001101001, 010100010110110100010110100011111000010000101110111111111100001101010001011100010110001111011011
011100111101010110011100100111001100111100111010110110011000000101000011101001001110111111110111, 000001000011110011110110010110011110100001100000001111100000011100010000100100011110010100001000
000001100001011011011000101001110111000010001101101000010011011101110001111110101011011101100111, 001011101111001100100000011011111101110110010000101101001111100010000000110100100000110000110111
111100001111010100101011001101011101010100010110111110101110000100010011000111010001010110001001, 010111010001001011001100100011110011100011011110100010111000100000111100000000010101010110010010
101111101100011110011100011100010100010011001010001010110011110000101000011111011111100111001101, 010101011001010001111101110101100101100010011000001110001100000010000011111111101110011000110100
001011110000101000001011110000011001011001111100111100110001111111001000001011010000011110010011, 011000011010010001111011111001001011100111111110010101101000011110000011101000011101101011111011
110101101011110011111001101111011000101110111000010011100010111000000000001010100011100010100100, 010011101010011100101111111001100110001001110111110101101110101100000000100101000111101011100001
101110110111111101011111010011011100111001001110011010100000100111110111010001100100111010000111, 000001000111111011011000100010110010111001100111010001010010111111001111100001100111010010111001
110000101111001111001000110000000100110110111010101101101010000100100010110110011001010000111101, 011100000001011001110101011001010111100011111011111101010001001000111101001101000100111100001000
010001110100011101011100011001100011101000000101000001101010110000111110000111001110000010101100, 111000010000010000001011111101111000100101101101001111010010011101011111000001011101100001001100
010001101011100100001001010000100000010001111101001011001011011010101111101011011101000001011001, 110111001110001000011010001000101001001100101110011001010000011100111000101101001000000000000110
110010010101111010010111001101101100011111100011001011011011110001010000111111111010110111011001, 101011101100111000100100101110000101101110110011001011011011101101001000010101111001011001110011
111100001110010111100001010011001100010000001011110111101100100110001111011101000101101011000111, 111011000000111000110000011111001100100111000011100110011001000001101111010001000111011000001111
110001110000111010110100111110100011111101111001011011111001010011101111101110111100000110101010, 000100110111111110001100001001110001100111001001010100000000011010100000111010101011100101000001
001011111111000000101010110111001000111101101010101010010100011001000111111001000101000100111110, 001011010100001011110111011010111110010111010010100111111100101011001011111000011111010111100101
110100100101011111101100010010000010001001000101110100110110101110111101100000001110000110001100, 100000100111000010011010101011110001111111010000110000000010000000000101111111101101110101101010
001110011111101001100001001011100010101000100101101000110000010001111000000110111110001111011111, 111110011001010000010110011100010100000000011111001111000000110111110110001001100110110001110000
101000111010100010001001000110010101000101110100010000111011011011000010000111111000111001000011, 111101111000001011000011011001000110001111001010011011000011000100110001011011101110010010101010
111000100111101110111011010100100011001110111101010011001111001100001000000000101000011011011010, 000000110110010101101000101000001101111010001010010111000001000011011010000011011001110000010101
100011000111011110110010010101111101110000000100000100110111101101100001000110101000111010010011, 100101110100010100110010010101111011010000010100011000000000001011011100100000100110100111100101
111000101111001101110001001010000011010010010001100000010101010011100010001101001110100111011001, 101100011100111011001010010011001111010010011110000011101101001010001011011011100010011101011010
100101010111100110101110101000101000100011111000101000101110100101111000010010101111010011001100, 101000001010101101100111001101011001010101010011111100010001110111101001111100011111101000001000
110000000011110001000101001111110111100011101011100101010001111010110010010001110101111010010100, 011100101011010111110101011001110100011111010111101010111111100100101000100110100111001110000110
101100111101110100101101001010111101111100110011010000001111000011001011100100001111110011000111, 101100010001001100100011000010111110001000110100000100001010111000011100110110110001110011001011
001100011100111110101010111100000101000101000000011111100000001101101101101000110110110111010010, 100100001001111111101101011110001100101011001100011010010011111010111101101110011100111011110100
011000001000101111100001000011111001011010001100000101000111111100000001011111111001110100011000, 110011100011011100011111010001101000101110101011100000100000001011010000010011111011001111001111
000010111110010010101010100000100111110001011111001101011000110010101100011000111001110110100000, 111110000010110001001011000100011101100000110001111000110110110001111100001111001101111111011110
101111111110110000011011101101000000000011101000100010011101011100111010100111111000000111100000, 111110000011001010010011110001110001101010100110000100110011111011101100000000000110001100010011
001110010111111011000100101111001111011111100001110000110100110011101100111110001000011100100111, 001111100100000100011100011111000011010011010011001101100111000011101000000010001010000110111011
100110010000010101100010111111100000000010101010010100010000011010101010101110000101101000100000, 100000110001101111101110110101111001100000000111100111000000011000111001010011101100001110001001
101101011111100001001010011110110101000100100010100000111010000001011000011011100011010010100010, 101111110011100000011000001111011010111111100000101101001101010101010011000011101110010001111000
100010001000100100101111101111001001011000011000000000110100010101100011111101111000101100110011, 111111100111110011110011111101000001101010100100011011011001000001011100001101011010000001011011
000100000101000001001111100011010100010111001101000110011111011111111101101110101010111101101001, 100100011111001000001110111001001011110011110101011001001101110111100100101010101100110100101111
011000111101111010000110010010001000000100001100100110110000100100110101000101111111111100000001, 000101000011101011010000100001111111010101111110000101001100000010001111101100010000110110110000
100111010010101110000111101011100000011101010110111001001111100110000001101001011011010110111000, 100101110010110111001111010011100011010111011110000010100011111000100110010111110010111000100111
100011001001101001001110100001110010001001110000110001010101001001000000100011010011000000001110, 101010110100011001010110101011100101100111000110011100101000110001101111001101111001001100001111
011001010100111000110100111111111000110010101000110010000101010110111100001101100000010100001011, 110011000010001011010111000001000000000001000101110010111111101110010101111111001010011111101100
001001001100111010110110000001011001101111000000010010000000001110110100101101001110100000011010, 100001111101100101110001111101010101010000010000111100100100010011011011011001001100101101100101
101010000000110011111111010111110110111100010100001111110111000111101101111101011011110010101000, 000110010001100000111001101010100001101001011000001101011111011011011111100110001001100001101110
100111011001110011111101001011000010110110001011101101011100100010000011010101100101001100010111, 011001011000010001101100111010001000010110100101100110011000100010100001101011010110100001011110
001110011011110111101101100101111100001010010001010101011101000011001010001010010010111011111010, 011100011111000110101110100110110101001011100011011010000111111011111001001110100100011011110101
110001001010110100110010010101001010110101110100000010111011110110000101111000010010011001100001, 100000001000110010010011111101111000101100000010110110100111100111100000010010010000000011000110
101000001000010101011000101001101011010100001001000010100100001011000101111000111001111000001010, 001111101010001010010011110100100001000010110001100110100000100000101000000111101100110011101011
100111001010000100001001001111100101010111101010110001101010001111111000100100011001000111001000, 011110110100101000100110110100001011010101101101110010101111100111101001110100001001111100001011
111010110101111111101011100101000000100000010100111010011011100001101111010011101110010111101000, 100011001010011011101111000101111111011100100000101111000110101000001110100011100001000101011001
101100111111101001001111101110100001000001111011100000011111100111110100011011010010110010001101, 101001110100010000110010011011111011001110010001001111011001110011011010001110001100110110001001
000100000101100110011100110011010110011111010101000000010110000110100100000110100100101101000110, 001111101110111100111111100110100000011011111110011100001011100100110110101000110011101011000111
001000011110101110001001110110100101000011111101011111011010001101000011100001100101001100010110, 011011010111001100011101000100000010100100001011100010111011111010100100011010101100001100100100
101010011010001101011011100111100110010010000111010010010111010000000010011110101111010100010000, 111100100100100001100000110000000110001000101000101111101011111010010100000110010001010110010101
100001010110011100011011000110100111001101110010001101110001111010111111110100011110001000111110, 010011000010101010000100000000111001000000000110100001101011100101010111000001110001011000100010
011111101011110101111111011011010010101100100000010000011111010101010100111001011000010100000110, 101010111010111000100101010101010011001101001110000100001010111101010000110001100111001000110110
101001100010010001011010000111100110001111001110010001111011011101000001111101010000000001011110, 011100011111111001000001110110011100111001111001001000100000101110100001000101011001010000001000
101100001000101010100000000001111111011101000110100101010110010000111100101001001000110011011101, 010111100001000011111110010111010011111001000111100101010000110001101000001001100010111110111001
110001011000011000111101110001001110001101000010110111011111011011101000010011111001101001111111, 010100101111000111011010011101111000011010001100100110101110001001111010001001010001100010111001
111101011100110101001001001011010100010011011100101001011010000000011001001101000100111000001100, 101001010011111100000001010100111001000110001101000110001101101111011100000001101111001101001110
101111001010111010011100000001000100101010111011110110010100110101000101101111000101010010000011, 111101001101110011011010011100110100111111010010100101011010011011101110100010110010000010010011
001111000001101101111110001010110111111010001110011111101100001000110010000001111110101011011110, 111010110111100000010011111101101111111101110001110111011011101100000101011101011010101100111001
001000100000110110011000000100111000000110011011100000111001001001011110011100011111001111001111, 001010000100011100101101000001000110100111110010011111000011000001010011001110100001011100110001
100010010000100110011101011101000011100010100111101010110111001100110111101011111000110011110011, 000010011000000111000111101111101101100011110001110111100011110111110100101000000110110101110111
101000011001110011011011000010101100000110001110001100011110010001110000000101010011010000000001, 100010111010011110010001010000111011111010011001111001001001011011110110111001111000011000000101
000001101111100111111110001101010101111100000111001100100001110010000100111110110001111100010111, 100100100100011001011011001010011000000101011001001110000001101011011000000111011010101111001100
